X	Y	C	Z	T	Intensity	BG	MX
60.500	156.500	1	1	1	529.500	108.766	149.878
59.631	156.995	1	1	1	555.943	108.766	149.878
58.762	157.489	1	1	1	513.833	108.766	149.878
57.893	157.984	1	1	1	499.767	108.766	149.878
57.024	158.479	1	1	1	506.574	108.766	149.878
56.155	158.973	1	1	1	471.251	108.766	149.878
55.286	159.468	1	1	1	461.294	108.766	149.878
54.417	159.963	1	1	1	436.063	108.766	149.878
53.547	160.458	1	1	1	423.452	108.766	149.878
52.678	160.952	1	1	1	422.788	108.766	149.878
51.809	161.447	1	1	1	428.448	108.766	149.878
50.940	161.942	1	1	1	435.155	108.766	149.878
50.071	162.436	1	1	1	430.423	108.766	149.878
49.202	162.931	1	1	1	395.064	108.766	149.878
48.333	163.426	1	1	1	395.606	108.766	149.878
47.464	163.920	1	1	1	393.364	108.766	149.878
46.595	164.415	1	1	1	403.904	108.766	149.878
45.726	164.910	1	1	1	408.818	108.766	149.878
44.857	165.405	1	1	1	401.154	108.766	149.878
43.986	165.896	1	1	1	411.066	108.766	149.878
43.111	166.380	1	1	1	407.423	108.766	149.878
42.236	166.865	1	1	1	448.525	108.766	149.878
41.361	167.349	1	1	1	496.568	108.766	149.878
40.486	167.833	1	1	1	492.338	108.766	149.878
39.612	168.318	1	1	1	463.129	108.766	149.878
38.737	168.802	1	1	1	437.343	108.766	149.878
37.862	169.286	1	1	1	412.620	108.766	149.878
36.987	169.771	1	1	1	390.866	108.766	149.878
36.112	170.255	1	1	1	410.379	108.766	149.878
35.237	170.739	1	1	1	428.501	108.766	149.878
34.362	171.224	1	1	1	432.586	108.766	149.878
33.487	171.708	1	1	1	472.284	108.766	149.878
32.612	172.192	1	1	1	462.178	108.766	149.878
31.737	172.677	1	1	1	462.469	108.766	149.878
30.863	173.161	1	1	1	458.029	108.766	149.878
30.068	173.769	1	1	1	447.833	108.766	149.878
29.509	174.597	1	1	1	448.098	108.766	149.878
28.949	175.426	1	1	1	406.606	108.766	149.878
28.389	176.254	1	1	1	416.545	108.766	149.878
27.829	177.083	1	1	1	445.798	108.766	149.878
27.269	177.912	1	1	1	489.297	108.766	149.878
26.709	178.740	1	1	1	536.581	108.766	149.878
26.149	179.569	1	1	1	529.537	108.766	149.878
25.590	180.397	1	1	1	510.892	108.766	149.878
25.030	181.226	1	1	1	469.463	108.766	149.878
24.470	182.055	1	1	1	489.921	108.766	149.878
23.987	182.930	1	1	1	455.537	108.766	149.878
23.914	183.928	1	1	1	431.386	108.766	149.878
23.842	184.925	1	1	1	393.834	108.766	149.878
23.769	185.922	1	1	1	397.103	108.766	149.878
23.697	186.920	1	1	1	375.651	108.766	149.878
23.624	187.917	1	1	1	397.985	108.766	149.878
23.552	188.914	1	1	1	385.404	108.766	149.878
23.479	189.912	1	1	1	420.546	108.766	149.878
23.407	190.909	1	1	1	409.039	108.766	149.878
23.334	191.906	1	1	1	426.103	108.766	149.878
23.262	192.904	1	1	1	446.657	108.766	149.878
23.189	193.901	1	1	1	468.582	108.766	149.878
23.116	194.899	1	1	1	461.023	108.766	149.878
23.044	195.896	1	1	1	490.891	108.766	149.878
23.044	196.896	1	1	1	473.038	108.766	149.878
23.154	197.890	1	1	1	477.441	108.766	149.878
23.265	198.884	1	1	1	478.699	108.766	149.878
23.375	199.878	1	1	1	468.681	108.766	149.878
23.486	200.871	1	1	1	446.552	108.766	149.878
23.596	201.865	1	1	1	431.097	108.766	149.878
23.707	202.859	1	1	1	418.823	108.766	149.878
23.817	203.853	1	1	1	424.171	108.766	149.878
23.927	204.847	1	1	1	407.380	108.766	149.878
24.038	205.841	1	1	1	428.307	108.766	149.878
24.148	206.835	1	1	1	467.359	108.766	149.878
24.259	207.829	1	1	1	497.159	108.766	149.878
24.369	208.823	1	1	1	488.645	108.766	149.878
24.480	209.816	1	1	1	461.401	108.766	149.878
24.590	210.810	1	1	1	408.328	108.766	149.878
24.700	211.804	1	1	1	370.209	108.766	149.878
24.811	212.798	1	1	1	335.708	108.766	149.878
24.921	213.792	1	1	1	317.043	108.766	149.878
25.044	214.784	1	1	1	307.022	108.766	149.878
25.196	215.773	1	1	1	299.795	108.766	149.878
25.348	216.761	1	1	1	302.817	108.766	149.878
25.500	217.750	1	1	1	311.395	108.766	149.878
25.652	218.738	1	1	1	315.597	108.766	149.878
25.804	219.726	1	1	1	331.032	108.766	149.878
25.956	220.715	1	1	1	318.631	108.766	149.878
26.131	221.699	1	1	1	319.831	108.766	149.878
26.315	222.682	1	1	1	315.763	108.766	149.878
26.500	223.665	1	1	1	334.054	108.766	149.878
26.684	224.648	1	1	1	334.491	108.766	149.878
26.868	225.631	1	1	1	338.504	108.766	149.878
27.053	226.614	1	1	1	364.684	108.766	149.878
27.237	227.596	1	1	1	377.121	108.766	149.878
27.421	228.579	1	1	1	372.525	108.766	149.878
27.605	229.562	1	1	1	388.725	108.766	149.878
27.790	230.545	1	1	1	407.100	108.766	149.878
27.974	231.528	1	1	1	412.195	108.766	149.878
28.158	232.511	1	1	1	415.617	108.766	149.878
28.343	233.494	1	1	1	432.108	108.766	149.878
28.527	234.477	1	1	1	451.380	108.766	149.878
28.711	235.459	1	1	1	437.058	108.766	149.878
28.895	236.442	1	1	1	442.021	108.766	149.878
29.154	237.408	1	1	1	483.892	108.766	149.878
29.508	238.343	1	1	1	501.455	108.766	149.878
29.862	239.279	1	1	1	516.894	108.766	149.878
30.216	240.214	1	1	1	498.005	108.766	149.878
30.570	241.149	1	1	1	472.479	108.766	149.878
30.924	242.085	1	1	1	491.951	108.766	149.878
31.278	243.020	1	1	1	506.860	108.766	149.878
31.632	243.955	1	1	1	528.027	108.766	149.878
31.986	244.890	1	1	1	571.057	108.766	149.878
32.339	245.826	1	1	1	561.377	108.766	149.878
32.693	246.761	1	1	1	555.244	108.766	149.878
33.047	247.696	1	1	1	513.909	108.766	149.878
33.401	248.632	1	1	1	488.552	108.766	149.878
33.755	249.567	1	1	1	456.843	108.766	149.878
34.109	250.502	1	1	1	438.323	108.766	149.878
34.463	251.437	1	1	1	442.986	108.766	149.878
34.817	252.373	1	1	1	464.366	108.766	149.878
35.171	253.308	1	1	1	459.918	108.766	149.878
35.524	254.243	1	1	1	440.528	108.766	149.878
35.878	255.179	1	1	1	440.115	108.766	149.878
36.314	256.079	1	1	1	422.471	108.766	149.878
36.791	256.958	1	1	1	409.362	108.766	149.878
37.268	257.836	1	1	1	399.179	108.766	149.878
37.745	258.715	1	1	1	400.305	108.766	149.878
38.223	259.594	1	1	1	401.320	108.766	149.878
38.700	260.473	1	1	1	421.651	108.766	149.878
39.177	261.352	1	1	1	454.873	108.766	149.878
39.654	262.231	1	1	1	483.266	108.766	149.878
40.131	263.109	1	1	1	483.346	108.766	149.878
40.608	263.988	1	1	1	463.041	108.766	149.878
41.085	264.867	1	1	1	433.865	108.766	149.878
41.562	265.746	1	1	1	427.676	108.766	149.878
42.039	266.625	1	1	1	411.463	108.766	149.878
42.516	267.504	1	1	1	398.039	108.766	149.878
42.993	268.383	1	1	1	430.357	108.766	149.878
43.471	269.261	1	1	1	437.789	108.766	149.878
43.948	270.140	1	1	1	448.466	108.766	149.878
44.425	271.019	1	1	1	454.363	108.766	149.878
44.902	271.898	1	1	1	475.907	108.766	149.878
45.379	272.777	1	1	1	467.689	108.766	149.878
46.253	273.263	1	1	1	471.155	108.766	149.878
47.196	273.594	1	1	1	461.549	108.766	149.878
48.140	273.924	1	1	1	456.211	108.766	149.878
49.084	274.254	1	1	1	446.452	108.766	149.878
50.028	274.585	1	1	1	431.662	108.766	149.878
50.972	274.915	1	1	1	437.340	108.766	149.878
51.916	275.245	1	1	1	441.963	108.766	149.878
52.860	275.576	1	1	1	449.823	108.766	149.878
53.803	275.906	1	1	1	434.516	108.766	149.878
54.747	276.237	1	1	1	418.526	108.766	149.878
55.605	276.751	1	1	1	366.679	108.766	149.878
55.989	277.674	1	1	1	375.242	108.766	149.878
56.374	278.597	1	1	1	325.868	108.766	149.878
56.759	279.520	1	1	1	330.052	108.766	149.878
57.143	280.444	1	1	1	337.344	108.766	149.878
57.528	281.367	1	1	1	350.948	108.766	149.878
57.912	282.290	1	1	1	343.510	108.766	149.878
58.297	283.213	1	1	1	359.745	108.766	149.878
58.682	284.136	1	1	1	348.711	108.766	149.878
59.066	285.059	1	1	1	346.924	108.766	149.878
59.451	285.982	1	1	1	345.296	108.766	149.878
59.835	286.905	1	1	1	347.476	108.766	149.878
60.220	287.828	1	1	1	322.515	108.766	149.878
60.616	288.746	1	1	1	329.604	108.766	149.878
61.042	289.651	1	1	1	369.431	108.766	149.878
61.468	290.556	1	1	1	383.005	108.766	149.878
61.893	291.461	1	1	1	382.565	108.766	149.878
62.319	292.366	1	1	1	380.587	108.766	149.878
62.745	293.271	1	1	1	378.430	108.766	149.878
63.171	294.175	1	1	1	375.153	108.766	149.878
63.597	295.080	1	1	1	391.341	108.766	149.878
64.022	295.985	1	1	1	399.709	108.766	149.878
64.448	296.890	1	1	1	408.731	108.766	149.878
65.125	297.625	1	1	1	418.343	108.766	149.878
65.833	298.333	1	1	1	431.594	108.766	149.878
66.540	299.040	1	1	1	408.913	108.766	149.878
67.247	299.747	1	1	1	413.332	108.766	149.878
67.954	300.454	1	1	1	409.846	108.766	149.878
68.661	301.161	1	1	1	419.618	108.766	149.878
69.368	301.868	1	1	1	417.817	108.766	149.878
70.075	302.575	1	1	1	405.224	108.766	149.878
70.782	303.282	1	1	1	359.472	108.766	149.878
71.489	303.989	1	1	1	348.988	108.766	149.878
72.197	304.697	1	1	1	358.616	108.766	149.878
72.932	305.374	1	1	1	351.036	108.766	149.878
73.688	306.029	1	1	1	334.716	108.766	149.878
74.443	306.684	1	1	1	337.958	108.766	149.878
75.199	307.339	1	1	1	343.015	108.766	149.878
75.955	307.994	1	1	1	351.838	108.766	149.878
76.710	308.649	1	1	1	370.630	108.766	149.878
77.466	309.304	1	1	1	394.982	108.766	149.878
78.222	309.959	1	1	1	411.695	108.766	149.878
78.977	310.614	1	1	1	417.744	108.766	149.878
79.733	311.269	1	1	1	420.872	108.766	149.878
80.412	312.003	1	1	1	397.689	108.766	149.878
81.045	312.777	1	1	1	373.669	108.766	149.878
81.678	313.551	1	1	1	378.745	108.766	149.878
82.311	314.325	1	1	1	393.740	108.766	149.878
82.945	315.099	1	1	1	403.452	108.766	149.878
83.578	315.873	1	1	1	421.911	108.766	149.878
84.211	316.647	1	1	1	425.268	108.766	149.878
84.844	317.421	1	1	1	426.417	108.766	149.878
85.478	318.195	1	1	1	436.082	108.766	149.878
86.111	318.969	1	1	1	425.171	108.766	149.878
86.744	319.743	1	1	1	416.323	108.766	149.878
87.377	320.517	1	1	1	421.146	108.766	149.878
88.011	321.291	1	1	1	414.789	108.766	149.878
88.644	322.065	1	1	1	415.907	108.766	149.878
89.449	322.658	1	1	1	428.038	108.766	149.878
90.393	322.989	1	1	1	430.899	108.766	149.878
91.336	323.320	1	1	1	435.952	108.766	149.878
92.280	323.651	1	1	1	443.645	108.766	149.878
93.223	323.982	1	1	1	423.594	108.766	149.878
94.167	324.313	1	1	1	384.833	108.766	149.878
95.111	324.644	1	1	1	370.929	108.766	149.878
96.054	324.975	1	1	1	344.264	108.766	149.878
96.998	325.306	1	1	1	372.628	108.766	149.878
97.941	325.637	1	1	1	383.204	108.766	149.878
98.885	325.968	1	1	1	365.138	108.766	149.878
99.829	326.299	1	1	1	353.759	108.766	149.878
100.772	326.631	1	1	1	315.809	108.766	149.878
101.716	326.962	1	1	1	322.681	108.766	149.878
102.659	327.293	1	1	1	319.867	108.766	149.878
103.592	327.654	1	1	1	317.806	108.766	149.878
104.504	328.064	1	1	1	320.641	108.766	149.878
105.416	328.475	1	1	1	325.242	108.766	149.878
106.328	328.885	1	1	1	328.879	108.766	149.878
107.240	329.295	1	1	1	321.944	108.766	149.878
108.152	329.706	1	1	1	336.969	108.766	149.878
109.063	330.116	1	1	1	330.336	108.766	149.878
109.975	330.526	1	1	1	337.603	108.766	149.878
110.887	330.937	1	1	1	318.680	108.766	149.878
111.799	331.347	1	1	1	297.198	108.766	149.878
112.711	331.758	1	1	1	288.477	108.766	149.878
113.465	332.414	1	1	1	295.786	108.766	149.878
113.927	333.301	1	1	1	307.731	108.766	149.878
114.388	334.189	1	1	1	328.392	108.766	149.878
114.849	335.076	1	1	1	323.985	108.766	149.878
115.311	335.963	1	1	1	301.132	108.766	149.878
115.772	336.850	1	1	1	302.090	108.766	149.878
116.233	337.737	1	1	1	296.393	108.766	149.878
116.781	338.574	1	1	1	302.723	108.766	149.878
117.437	339.329	1	1	1	325.327	108.766	149.878
118.093	340.084	1	1	1	332.244	108.766	149.878
118.748	340.839	1	1	1	338.784	108.766	149.878
119.404	341.594	1	1	1	354.511	108.766	149.878
120.060	342.349	1	1	1	343.362	108.766	149.878
120.715	343.104	1	1	1	351.105	108.766	149.878
121.371	343.859	1	1	1	370.563	108.766	149.878
122.027	344.614	1	1	1	399.342	108.766	149.878
122.683	345.369	1	1	1	420.705	108.766	149.878
123.338	346.124	1	1	1	448.816	108.766	149.878
123.994	346.879	1	1	1	449.915	108.766	149.878
124.650	347.634	1	1	1	467.790	108.766	149.878
125.595	347.959	1	1	1	450.123	108.766	149.878
126.566	348.200	1	1	1	398.974	108.766	149.878
127.537	348.440	1	1	1	363.416	108.766	149.878
128.507	348.680	1	1	1	326.585	108.766	149.878
129.478	348.920	1	1	1	319.898	108.766	149.878
130.449	349.161	1	1	1	336.123	108.766	149.878
131.420	349.401	1	1	1	342.240	108.766	149.878
132.390	349.641	1	1	1	350.887	108.766	149.878
133.356	349.900	1	1	1	350.185	108.766	149.878
134.300	350.230	1	1	1	354.881	108.766	149.878
135.244	350.560	1	1	1	356.642	108.766	149.878
136.188	350.891	1	1	1	363.254	108.766	149.878
137.132	351.221	1	1	1	372.870	108.766	149.878
138.076	351.551	1	1	1	381.576	108.766	149.878
139.019	351.882	1	1	1	349.997	108.766	149.878
139.963	352.212	1	1	1	350.626	108.766	149.878
140.907	352.543	1	1	1	339.052	108.766	149.878
141.851	352.873	1	1	1	344.096	108.766	149.878
142.795	353.203	1	1	1	337.216	108.766	149.878
143.739	353.534	1	1	1	353.657	108.766	149.878
144.683	353.864	1	1	1	399.226	108.766	149.878
145.626	354.194	1	1	1	422.104	108.766	149.878
146.576	354.507	1	1	1	432.386	108.766	149.878
147.573	354.592	1	1	1	415.958	108.766	149.878
148.569	354.677	1	1	1	378.399	108.766	149.878
149.565	354.763	1	1	1	371.947	108.766	149.878
150.562	354.848	1	1	1	376.741	108.766	149.878
151.558	354.934	1	1	1	376.328	108.766	149.878
152.555	355.019	1	1	1	360.745	108.766	149.878
153.551	355.104	1	1	1	353.058	108.766	149.878
154.547	355.190	1	1	1	363.984	108.766	149.878
155.544	355.275	1	1	1	373.435	108.766	149.878
156.540	355.361	1	1	1	362.870	108.766	149.878
157.536	355.446	1	1	1	353.543	108.766	149.878
158.536	355.428	1	1	1	361.516	108.766	149.878
159.518	355.236	1	1	1	383.896	108.766	149.878
160.499	355.045	1	1	1	389.344	108.766	149.878
161.481	354.853	1	1	1	391.012	108.766	149.878
162.462	354.662	1	1	1	403.594	108.766	149.878
163.444	354.470	1	1	1	387.808	108.766	149.878
164.425	354.279	1	1	1	368.305	108.766	149.878
165.407	354.087	1	1	1	356.746	108.766	149.878
166.388	353.896	1	1	1	333.779	108.766	149.878
167.370	353.704	1	1	1	359.564	108.766	149.878
168.351	353.513	1	1	1	372.375	108.766	149.878
169.332	353.321	1	1	1	389.801	108.766	149.878
170.314	353.130	1	1	1	397.508	108.766	149.878
171.295	352.938	1	1	1	414.707	108.766	149.878
172.256	352.659	1	1	1	409.827	108.766	149.878
173.180	352.279	1	1	1	397.278	108.766	149.878
174.105	351.898	1	1	1	430.842	108.766	149.878
175.030	351.517	1	1	1	459.158	108.766	149.878
175.954	351.136	1	1	1	474.034	108.766	149.878
176.879	350.756	1	1	1	495.623	108.766	149.878
177.804	350.375	1	1	1	490.438	108.766	149.878
178.729	349.994	1	1	1	481.623	108.766	149.878
179.653	349.613	1	1	1	494.381	108.766	149.878
180.578	349.233	1	1	1	497.929	108.766	149.878
181.503	348.852	1	1	1	490.584	108.766	149.878
182.427	348.471	1	1	1	446.370	108.766	149.878
183.393	348.212	1	1	1	458.873	108.766	149.878
184.374	348.408	1	1	1	462.067	108.766	149.878
185.354	348.604	1	1	1	480.158	108.766	149.878
186.335	348.800	1	1	1	477.163	108.766	149.878
187.315	348.996	1	1	1	455.991	108.766	149.878
188.296	349.193	1	1	1	449.115	108.766	149.878
189.277	349.389	1	1	1	423.604	108.766	149.878
190.270	349.500	1	1	1	399.258	108.766	149.878
191.270	349.500	1	1	1	403.288	108.766	149.878
192.270	349.500	1	1	1	401.910	108.766	149.878
193.270	349.500	1	1	1	393.917	108.766	149.878
194.270	349.500	1	1	1	392.113	108.766	149.878
195.270	349.500	1	1	1	379.957	108.766	149.878
196.270	349.500	1	1	1	360.275	108.766	149.878
197.270	349.500	1	1	1	357.187	108.766	149.878
198.270	349.500	1	1	1	370.499	108.766	149.878
199.259	349.348	1	1	1	393.166	108.766	149.878
200.239	349.152	1	1	1	397.541	108.766	149.878
201.220	348.956	1	1	1	374.406	108.766	149.878
202.201	348.760	1	1	1	352.803	108.766	149.878
203.181	348.564	1	1	1	347.524	108.766	149.878
204.162	348.368	1	1	1	344.548	108.766	149.878
205.142	348.172	1	1	1	354.462	108.766	149.878
206.123	347.975	1	1	1	329.738	108.766	149.878
207.116	347.860	1	1	1	391.346	108.766	149.878
208.112	347.955	1	1	1	376.982	108.766	149.878
209.107	348.050	1	1	1	398.484	108.766	149.878
210.103	348.145	1	1	1	441.431	108.766	149.878
211.098	348.240	1	1	1	459.249	108.766	149.878
212.094	348.334	1	1	1	470.008	108.766	149.878
213.089	348.429	1	1	1	474.948	108.766	149.878
214.077	348.581	1	1	1	429.883	108.766	149.878
215.026	348.898	1	1	1	456.254	108.766	149.878
215.975	349.214	1	1	1	412.195	108.766	149.878
216.924	349.530	1	1	1	419.510	108.766	149.878
217.872	349.846	1	1	1	444.923	108.766	149.878
218.821	350.163	1	1	1	415.304	108.766	149.878
219.770	350.479	1	1	1	416.287	108.766	149.878
220.718	350.795	1	1	1	410.705	108.766	149.878
221.667	351.111	1	1	1	411.567	108.766	149.878
222.616	351.427	1	1	1	384.112	108.766	149.878
223.564	351.744	1	1	1	380.568	108.766	149.878
224.562	351.814	1	1	1	365.011	108.766	149.878
225.561	351.788	1	1	1	366.930	108.766	149.878
226.561	351.762	1	1	1	370.156	108.766	149.878
227.561	351.735	1	1	1	369.418	108.766	149.878
228.560	351.709	1	1	1	374.314	108.766	149.878
229.560	351.683	1	1	1	391.578	108.766	149.878
230.560	351.656	1	1	1	413.835	108.766	149.878
231.559	351.630	1	1	1	409.188	108.766	149.878
232.559	351.604	1	1	1	410.261	108.766	149.878
233.559	351.577	1	1	1	437.351	108.766	149.878
234.558	351.551	1	1	1	446.285	108.766	149.878
235.558	351.525	1	1	1	427.408	108.766	149.878
236.557	351.480	1	1	1	406.560	108.766	149.878
237.502	351.153	1	1	1	407.637	108.766	149.878
238.447	350.826	1	1	1	429.963	108.766	149.878
239.392	350.499	1	1	1	413.157	108.766	149.878
240.337	350.172	1	1	1	415.716	108.766	149.878
241.282	349.845	1	1	1	408.275	108.766	149.878
242.227	349.518	1	1	1	378.854	108.766	149.878
243.172	349.190	1	1	1	373.226	108.766	149.878
244.117	348.863	1	1	1	389.273	108.766	149.878
245.062	348.536	1	1	1	407.068	108.766	149.878
245.862	347.937	1	1	1	414.165	108.766	149.878
246.640	347.308	1	1	1	406.165	108.766	149.878
247.417	346.678	1	1	1	408.247	108.766	149.878
248.194	346.049	1	1	1	432.417	108.766	149.878
248.971	345.420	1	1	1	463.408	108.766	149.878
249.749	344.791	1	1	1	491.742	108.766	149.878
250.526	344.162	1	1	1	504.309	108.766	149.878
251.303	343.532	1	1	1	482.769	108.766	149.878
252.080	342.903	1	1	1	454.701	108.766	149.878
253.043	342.631	1	1	1	425.533	108.766	149.878
254.017	342.406	1	1	1	456.094	108.766	149.878
254.991	342.181	1	1	1	471.365	108.766	149.878
255.966	341.957	1	1	1	435.580	108.766	149.878
256.940	341.732	1	1	1	403.893	108.766	149.878
257.915	341.507	1	1	1	369.790	108.766	149.878
258.889	341.282	1	1	1	336.323	108.766	149.878
259.863	341.057	1	1	1	318.913	108.766	149.878
260.838	340.832	1	1	1	343.189	108.766	149.878
261.812	340.607	1	1	1	352.705	108.766	149.878
262.786	340.383	1	1	1	374.285	108.766	149.878
263.761	340.158	1	1	1	418.927	108.766	149.878
264.735	339.933	1	1	1	386.753	108.766	149.878
265.679	339.602	1	1	1	378.296	108.766	149.878
266.590	339.190	1	1	1	376.027	108.766	149.878
267.502	338.779	1	1	1	351.247	108.766	149.878
268.413	338.367	1	1	1	348.701	108.766	149.878
269.324	337.956	1	1	1	355.301	108.766	149.878
270.236	337.544	1	1	1	362.939	108.766	149.878
271.147	337.133	1	1	1	398.738	108.766	149.878
272.059	336.721	1	1	1	433.345	108.766	149.878
272.970	336.309	1	1	1	453.556	108.766	149.878
273.881	335.898	1	1	1	455.045	108.766	149.878
274.793	335.486	1	1	1	423.223	108.766	149.878
275.701	335.069	1	1	1	426.465	108.766	149.878
276.600	334.630	1	1	1	386.332	108.766	149.878
277.499	334.192	1	1	1	351.640	108.766	149.878
278.398	333.753	1	1	1	391.907	108.766	149.878
279.296	333.315	1	1	1	381.122	108.766	149.878
280.195	332.876	1	1	1	381.192	108.766	149.878
281.094	332.438	1	1	1	394.342	108.766	149.878
281.993	332.000	1	1	1	383.449	108.766	149.878
282.891	331.561	1	1	1	409.416	108.766	149.878
283.790	331.123	1	1	1	407.649	108.766	149.878
284.689	330.684	1	1	1	400.382	108.766	149.878
285.588	330.246	1	1	1	382.691	108.766	149.878
286.486	329.807	1	1	1	394.424	108.766	149.878
287.385	329.369	1	1	1	410.968	108.766	149.878
288.284	328.931	1	1	1	437.205	108.766	149.878
289.183	328.493	1	1	1	457.048	108.766	149.878
290.101	328.095	1	1	1	471.309	108.766	149.878
291.018	327.698	1	1	1	470.181	108.766	149.878
291.936	327.300	1	1	1	436.832	108.766	149.878
292.853	326.902	1	1	1	440.781	108.766	149.878
293.771	326.505	1	1	1	421.093	108.766	149.878
294.688	326.107	1	1	1	417.896	108.766	149.878
295.606	325.710	1	1	1	420.430	108.766	149.878
296.524	325.312	1	1	1	422.694	108.766	149.878
297.441	324.914	1	1	1	416.074	108.766	149.878
298.359	324.517	1	1	1	420.696	108.766	149.878
299.276	324.119	1	1	1	420.924	108.766	149.878
300.194	323.722	1	1	1	392.249	108.766	149.878
301.111	323.324	1	1	1	364.623	108.766	149.878
302.029	322.926	1	1	1	361.566	108.766	149.878
302.946	322.529	1	1	1	341.305	108.766	149.878
303.864	322.131	1	1	1	356.546	108.766	149.878
304.782	321.734	1	1	1	369.012	108.766	149.878
305.699	321.336	1	1	1	384.516	108.766	149.878
306.617	320.938	1	1	1	374.835	108.766	149.878
307.534	320.541	1	1	1	349.236	108.766	149.878
308.452	320.143	1	1	1	340.231	108.766	149.878
309.338	319.679	1	1	1	329.842	108.766	149.878
310.081	319.010	1	1	1	325.672	108.766	149.878
310.824	318.341	1	1	1	339.805	108.766	149.878
311.568	317.672	1	1	1	367.057	108.766	149.878
312.311	317.003	1	1	1	371.277	108.766	149.878
313.054	316.335	1	1	1	389.744	108.766	149.878
313.798	315.666	1	1	1	405.306	108.766	149.878
314.541	314.997	1	1	1	412.746	108.766	149.878
315.284	314.328	1	1	1	403.109	108.766	149.878
316.027	313.659	1	1	1	399.795	108.766	149.878
316.771	312.990	1	1	1	395.667	108.766	149.878
317.514	312.321	1	1	1	433.647	108.766	149.878
318.257	311.652	1	1	1	421.584	108.766	149.878
319.001	310.983	1	1	1	410.932	108.766	149.878
319.744	310.314	1	1	1	381.023	108.766	149.878
320.487	309.645	1	1	1	375.407	108.766	149.878
321.230	308.976	1	1	1	349.136	108.766	149.878
321.974	308.307	1	1	1	340.699	108.766	149.878
322.658	307.578	1	1	1	330.690	108.766	149.878
323.184	306.727	1	1	1	313.994	108.766	149.878
323.710	305.876	1	1	1	319.826	108.766	149.878
324.236	305.026	1	1	1	325.911	108.766	149.878
324.761	304.175	1	1	1	329.670	108.766	149.878
325.287	303.325	1	1	1	322.462	108.766	149.878
325.813	302.474	1	1	1	339.384	108.766	149.878
326.339	301.624	1	1	1	365.870	108.766	149.878
326.865	300.773	1	1	1	392.764	108.766	149.878
327.390	299.922	1	1	1	421.931	108.766	149.878
327.916	299.072	1	1	1	433.405	108.766	149.878
328.442	298.221	1	1	1	460.012	108.766	149.878
328.968	297.371	1	1	1	447.213	108.766	149.878
329.494	296.520	1	1	1	431.212	108.766	149.878
330.020	295.669	1	1	1	379.236	108.766	149.878
330.545	294.819	1	1	1	357.290	108.766	149.878
331.071	293.968	1	1	1	349.296	108.766	149.878
331.597	293.118	1	1	1	362.177	108.766	149.878
332.123	292.267	1	1	1	364.888	108.766	149.878
332.649	291.416	1	1	1	363.511	108.766	149.878
333.174	290.566	1	1	1	379.417	108.766	149.878
333.700	289.715	1	1	1	401.665	108.766	149.878
334.200	288.849	1	1	1	405.075	108.766	149.878
334.690	287.977	1	1	1	382.901	108.766	149.878
335.180	287.106	1	1	1	364.537	108.766	149.878
335.670	286.234	1	1	1	385.167	108.766	149.878
336.161	285.362	1	1	1	382.282	108.766	149.878
336.651	284.491	1	1	1	378.881	108.766	149.878
337.141	283.619	1	1	1	361.016	108.766	149.878
337.631	282.748	1	1	1	378.320	108.766	149.878
338.122	281.876	1	1	1	406.350	108.766	149.878
338.612	281.005	1	1	1	442.920	108.766	149.878
339.102	280.133	1	1	1	442.312	108.766	149.878
339.593	279.261	1	1	1	423.892	108.766	149.878
340.083	278.390	1	1	1	390.048	108.766	149.878
340.573	277.518	1	1	1	355.803	108.766	149.878
341.063	276.647	1	1	1	339.466	108.766	149.878
341.554	275.775	1	1	1	355.990	108.766	149.878
342.044	274.904	1	1	1	404.475	108.766	149.878
342.534	274.032	1	1	1	431.131	108.766	149.878
343.039	273.169	1	1	1	466.039	108.766	149.878
343.566	272.319	1	1	1	471.260	108.766	149.878
344.094	271.470	1	1	1	447.608	108.766	149.878
344.621	270.620	1	1	1	449.155	108.766	149.878
345.148	269.770	1	1	1	419.831	108.766	149.878
345.676	268.921	1	1	1	408.087	108.766	149.878
346.203	268.071	1	1	1	382.963	108.766	149.878
346.730	267.221	1	1	1	378.613	108.766	149.878
347.258	266.372	1	1	1	360.672	108.766	149.878
347.785	265.522	1	1	1	374.033	108.766	149.878
348.313	264.672	1	1	1	393.413	108.766	149.878
348.837	263.821	1	1	1	399.294	108.766	149.878
349.079	262.851	1	1	1	414.029	108.766	149.878
349.322	261.880	1	1	1	421.711	108.766	149.878
349.564	260.910	1	1	1	427.255	108.766	149.878
349.807	259.940	1	1	1	430.750	108.766	149.878
350.049	258.970	1	1	1	445.974	108.766	149.878
350.292	258.000	1	1	1	424.657	108.766	149.878
350.534	257.030	1	1	1	412.019	108.766	149.878
350.777	256.060	1	1	1	421.559	108.766	149.878
351.019	255.089	1	1	1	455.086	108.766	149.878
351.262	254.119	1	1	1	446.976	108.766	149.878
351.504	253.149	1	1	1	429.463	108.766	149.878
351.747	252.179	1	1	1	405.035	108.766	149.878
351.989	251.209	1	1	1	423.615	108.766	149.878
352.318	250.264	1	1	1	463.800	108.766	149.878
352.858	249.423	1	1	1	482.835	108.766	149.878
353.398	248.581	1	1	1	476.978	108.766	149.878
353.938	247.739	1	1	1	457.563	108.766	149.878
354.478	246.897	1	1	1	404.199	108.766	149.878
355.018	246.056	1	1	1	363.455	108.766	149.878
355.558	245.214	1	1	1	342.378	108.766	149.878
356.098	244.372	1	1	1	357.176	108.766	149.878
356.638	243.531	1	1	1	331.362	108.766	149.878
357.177	242.689	1	1	1	353.711	108.766	149.878
357.717	241.847	1	1	1	354.612	108.766	149.878
358.257	241.006	1	1	1	374.617	108.766	149.878
358.797	240.164	1	1	1	362.890	108.766	149.878
359.337	239.322	1	1	1	344.359	108.766	149.878
359.877	238.481	1	1	1	358.600	108.766	149.878
360.417	237.639	1	1	1	343.501	108.766	149.878
360.957	236.797	1	1	1	351.805	108.766	149.878
361.497	235.955	1	1	1	372.697	108.766	149.878
362.037	235.114	1	1	1	418.442	108.766	149.878
362.577	234.272	1	1	1	483.055	108.766	149.878
363.117	233.430	1	1	1	529.055	108.766	149.878
363.605	232.558	1	1	1	480.949	108.766	149.878
363.962	231.624	1	1	1	450.547	108.766	149.878
364.320	230.690	1	1	1	414.360	108.766	149.878
364.677	229.756	1	1	1	387.027	108.766	149.878
365.034	228.822	1	1	1	397.615	108.766	149.878
365.391	227.888	1	1	1	374.443	108.766	149.878
365.748	226.953	1	1	1	373.176	108.766	149.878
366.105	226.019	1	1	1	343.573	108.766	149.878
366.462	225.085	1	1	1	342.632	108.766	149.878
366.820	224.151	1	1	1	351.974	108.766	149.878
367.177	223.217	1	1	1	347.182	108.766	149.878
367.534	222.283	1	1	1	370.678	108.766	149.878
367.882	221.346	1	1	1	412.080	108.766	149.878
368.185	220.393	1	1	1	433.067	108.766	149.878
368.488	219.440	1	1	1	428.848	108.766	149.878
368.791	218.487	1	1	1	408.416	108.766	149.878
369.093	217.534	1	1	1	370.972	108.766	149.878
369.396	216.580	1	1	1	332.676	108.766	149.878
369.699	215.627	1	1	1	318.849	108.766	149.878
370.001	214.674	1	1	1	334.745	108.766	149.878
370.304	213.721	1	1	1	326.563	108.766	149.878
370.607	212.768	1	1	1	325.049	108.766	149.878
370.910	211.815	1	1	1	328.350	108.766	149.878
371.212	210.862	1	1	1	316.877	108.766	149.878
371.515	209.909	1	1	1	306.302	108.766	149.878
371.818	208.956	1	1	1	325.448	108.766	149.878
372.121	208.003	1	1	1	328.997	108.766	149.878
372.423	207.050	1	1	1	357.240	108.766	149.878
372.726	206.097	1	1	1	395.223	108.766	149.878
373.029	205.144	1	1	1	385.346	108.766	149.878
373.332	204.191	1	1	1	370.875	108.766	149.878
373.634	203.237	1	1	1	368.970	108.766	149.878
373.937	202.284	1	1	1	345.619	108.766	149.878
374.240	201.331	1	1	1	339.134	108.766	149.878
374.543	200.378	1	1	1	333.839	108.766	149.878
374.845	199.425	1	1	1	347.664	108.766	149.878
375.148	198.472	1	1	1	329.739	108.766	149.878
375.451	197.519	1	1	1	318.172	108.766	149.878
375.754	196.566	1	1	1	313.520	108.766	149.878
376.056	195.613	1	1	1	306.774	108.766	149.878
376.359	194.660	1	1	1	309.524	108.766	149.878
376.662	193.707	1	1	1	305.209	108.766	149.878
376.992	192.763	1	1	1	300.587	108.766	149.878
377.359	191.833	1	1	1	327.476	108.766	149.878
377.725	190.902	1	1	1	326.379	108.766	149.878
378.092	189.972	1	1	1	337.409	108.766	149.878
378.458	189.041	1	1	1	314.883	108.766	149.878
378.825	188.111	1	1	1	323.660	108.766	149.878
379.192	187.181	1	1	1	335.485	108.766	149.878
379.558	186.250	1	1	1	349.753	108.766	149.878
379.925	185.320	1	1	1	345.100	108.766	149.878
380.291	184.389	1	1	1	365.720	108.766	149.878
380.658	183.459	1	1	1	387.321	108.766	149.878
381.024	182.528	1	1	1	431.819	108.766	149.878
381.355	181.585	1	1	1	446.286	108.766	149.878
381.663	180.633	1	1	1	443.718	108.766	149.878
381.971	179.682	1	1	1	444.490	108.766	149.878
382.278	178.730	1	1	1	427.137	108.766	149.878
382.586	177.779	1	1	1	393.334	108.766	149.878
382.894	176.828	1	1	1	353.944	108.766	149.878
383.202	175.876	1	1	1	324.386	108.766	149.878
383.510	174.925	1	1	1	309.862	108.766	149.878
383.818	173.973	1	1	1	304.632	108.766	149.878
384.125	173.022	1	1	1	308.441	108.766	149.878
384.433	172.070	1	1	1	305.942	108.766	149.878
384.741	171.119	1	1	1	319.564	108.766	149.878
384.659	170.122	1	1	1	319.776	108.766	149.878
384.420	169.151	1	1	1	344.759	108.766	149.878
384.181	168.180	1	1	1	372.579	108.766	149.878
383.942	167.209	1	1	1	406.959	108.766	149.878
383.703	166.238	1	1	1	408.870	108.766	149.878
383.465	165.267	1	1	1	397.149	108.766	149.878
383.226	164.296	1	1	1	360.392	108.766	149.878
382.987	163.325	1	1	1	322.157	108.766	149.878
382.748	162.354	1	1	1	304.352	108.766	149.878
382.509	161.383	1	1	1	293.609	108.766	149.878
382.271	160.412	1	1	1	284.981	108.766	149.878
382.032	159.441	1	1	1	288.777	108.766	149.878
381.793	158.469	1	1	1	279.324	108.766	149.878
381.554	157.498	1	1	1	258.815	108.766	149.878
381.315	156.527	1	1	1	257.487	108.766	149.878
381.077	155.556	1	1	1	267.441	108.766	149.878
380.838	154.585	1	1	1	269.186	108.766	149.878
380.599	153.614	1	1	1	297.505	108.766	149.878
380.360	152.643	1	1	1	335.359	108.766	149.878
380.122	151.672	1	1	1	361.786	108.766	149.878
379.883	150.701	1	1	1	348.134	108.766	149.878
379.429	149.810	1	1	1	358.201	108.766	149.878
378.924	148.947	1	1	1	345.541	108.766	149.878
378.419	148.084	1	1	1	332.495	108.766	149.878
377.914	147.221	1	1	1	315.363	108.766	149.878
377.409	146.358	1	1	1	326.030	108.766	149.878
376.903	145.495	1	1	1	330.693	108.766	149.878
376.398	144.632	1	1	1	314.657	108.766	149.878
375.893	143.769	1	1	1	317.991	108.766	149.878
375.388	142.905	1	1	1	322.141	108.766	149.878
374.883	142.042	1	1	1	305.763	108.766	149.878
374.377	141.179	1	1	1	293.163	108.766	149.878
373.872	140.316	1	1	1	285.597	108.766	149.878
373.367	139.453	1	1	1	275.916	108.766	149.878
372.862	138.590	1	1	1	271.825	108.766	149.878
372.357	137.727	1	1	1	254.731	108.766	149.878
371.852	136.864	1	1	1	233.003	108.766	149.878
371.126	136.176	1	1	1	241.268	108.766	149.878
370.394	135.495	1	1	1	239.164	108.766	149.878
369.661	134.814	1	1	1	233.293	108.766	149.878
368.929	134.133	1	1	1	241.782	108.766	149.878
368.197	133.453	1	1	1	254.966	108.766	149.878
367.464	132.772	1	1	1	262.780	108.766	149.878
366.732	132.091	1	1	1	276.010	108.766	149.878
365.999	131.410	1	1	1	269.880	108.766	149.878
365.267	130.729	1	1	1	280.745	108.766	149.878
364.534	130.048	1	1	1	271.194	108.766	149.878
363.802	129.368	1	1	1	307.276	108.766	149.878
363.070	128.687	1	1	1	322.152	108.766	149.878
362.337	128.006	1	1	1	332.948	108.766	149.878
361.605	127.325	1	1	1	344.732	108.766	149.878
360.872	126.644	1	1	1	372.575	108.766	149.878
360.140	125.963	1	1	1	373.576	108.766	149.878
359.407	125.282	1	1	1	370.819	108.766	149.878
358.675	124.602	1	1	1	363.619	108.766	149.878
357.943	123.921	1	1	1	355.744	108.766	149.878
357.210	123.240	1	1	1	361.136	108.766	149.878
356.478	122.559	1	1	1	357.953	108.766	149.878
355.745	121.878	1	1	1	387.637	108.766	149.878
355.013	121.197	1	1	1	375.682	108.766	149.878
354.280	120.517	1	1	1	367.531	108.766	149.878
353.548	119.836	1	1	1	362.630	108.766	149.878
352.816	119.155	1	1	1	376.482	108.766	149.878
352.083	118.474	1	1	1	380.245	108.766	149.878
351.351	117.793	1	1	1	372.532	108.766	149.878
350.618	117.112	1	1	1	361.386	108.766	149.878
349.886	116.431	1	1	1	333.964	108.766	149.878
349.153	115.751	1	1	1	338.734	108.766	149.878
348.421	115.070	1	1	1	343.554	108.766	149.878
347.631	114.456	1	1	1	351.000	108.766	149.878
346.814	113.880	1	1	1	360.845	108.766	149.878
345.997	113.304	1	1	1	367.967	108.766	149.878
345.180	112.727	1	1	1	372.772	108.766	149.878
344.362	112.151	1	1	1	360.728	108.766	149.878
343.545	111.575	1	1	1	363.769	108.766	149.878
342.728	110.999	1	1	1	371.428	108.766	149.878
341.910	110.422	1	1	1	368.359	108.766	149.878
341.093	109.846	1	1	1	366.877	108.766	149.878
340.276	109.270	1	1	1	392.314	108.766	149.878
339.459	108.694	1	1	1	378.541	108.766	149.878
338.641	108.118	1	1	1	364.398	108.766	149.878
337.824	107.541	1	1	1	375.745	108.766	149.878
337.007	106.965	1	1	1	375.101	108.766	149.878
336.189	106.389	1	1	1	353.247	108.766	149.878
335.372	105.813	1	1	1	335.931	108.766	149.878
334.555	105.236	1	1	1	346.415	108.766	149.878
333.737	104.660	1	1	1	320.450	108.766	149.878
332.920	104.084	1	1	1	302.261	108.766	149.878
332.103	103.508	1	1	1	296.688	108.766	149.878
331.286	102.932	1	1	1	305.340	108.766	149.878
330.468	102.355	1	1	1	316.343	108.766	149.878
329.651	101.779	1	1	1	331.343	108.766	149.878
328.834	101.203	1	1	1	376.081	108.766	149.878
328.016	100.627	1	1	1	374.335	108.766	149.878
327.199	100.050	1	1	1	394.997	108.766	149.878
326.382	99.474	1	1	1	417.926	108.766	149.878
325.565	98.898	1	1	1	405.180	108.766	149.878
324.736	98.337	1	1	1	400.095	108.766	149.878
323.885	97.812	1	1	1	395.981	108.766	149.878
323.034	97.287	1	1	1	354.365	108.766	149.878
322.183	96.762	1	1	1	312.863	108.766	149.878
321.332	96.237	1	1	1	272.380	108.766	149.878
320.481	95.712	1	1	1	257.031	108.766	149.878
319.630	95.187	1	1	1	239.342	108.766	149.878
318.779	94.662	1	1	1	236.648	108.766	149.878
317.928	94.137	1	1	1	236.054	108.766	149.878
317.077	93.611	1	1	1	254.256	108.766	149.878
316.226	93.086	1	1	1	267.840	108.766	149.878
315.375	92.561	1	1	1	244.932	108.766	149.878
314.524	92.036	1	1	1	239.800	108.766	149.878
313.673	91.511	1	1	1	244.995	108.766	149.878
312.822	90.986	1	1	1	240.564	108.766	149.878
311.971	90.461	1	1	1	244.787	108.766	149.878
311.120	89.936	1	1	1	242.451	108.766	149.878
310.269	89.411	1	1	1	256.997	108.766	149.878
309.418	88.885	1	1	1	257.175	108.766	149.878
308.567	88.360	1	1	1	270.737	108.766	149.878
307.716	87.835	1	1	1	307.881	108.766	149.878
306.865	87.310	1	1	1	311.910	108.766	149.878
306.014	86.785	1	1	1	313.051	108.766	149.878
305.163	86.260	1	1	1	308.771	108.766	149.878
304.312	85.735	1	1	1	324.786	108.766	149.878
303.461	85.210	1	1	1	350.005	108.766	149.878
302.610	84.685	1	1	1	365.207	108.766	149.878
301.759	84.160	1	1	1	352.635	108.766	149.878
300.803	83.863	1	1	1	353.034	108.766	149.878
299.822	83.670	1	1	1	375.544	108.766	149.878
298.841	83.477	1	1	1	365.730	108.766	149.878
297.860	83.284	1	1	1	380.676	108.766	149.878
296.879	83.091	1	1	1	386.784	108.766	149.878
295.898	82.898	1	1	1	389.706	108.766	149.878
294.916	82.705	1	1	1	396.863	108.766	149.878
293.935	82.512	1	1	1	396.366	108.766	149.878
292.954	82.319	1	1	1	394.848	108.766	149.878
291.973	82.126	1	1	1	374.698	108.766	149.878
290.992	81.933	1	1	1	343.498	108.766	149.878
290.010	81.740	1	1	1	327.817	108.766	149.878
289.029	81.547	1	1	1	327.655	108.766	149.878
288.048	81.354	1	1	1	338.002	108.766	149.878
287.067	81.161	1	1	1	358.891	108.766	149.878
286.086	80.968	1	1	1	383.161	108.766	149.878
285.104	80.775	1	1	1	391.995	108.766	149.878
284.123	80.582	1	1	1	360.893	108.766	149.878
283.142	80.389	1	1	1	333.130	108.766	149.878
282.161	80.196	1	1	1	329.759	108.766	149.878
281.180	80.003	1	1	1	298.899	108.766	149.878
280.198	79.810	1	1	1	298.343	108.766	149.878
279.217	79.617	1	1	1	282.602	108.766	149.878
278.236	79.423	1	1	1	262.469	108.766	149.878
277.255	79.230	1	1	1	256.666	108.766	149.878
276.274	79.037	1	1	1	251.065	108.766	149.878
275.292	78.844	1	1	1	243.256	108.766	149.878
274.311	78.651	1	1	1	238.929	108.766	149.878
273.330	78.458	1	1	1	253.299	108.766	149.878
272.349	78.265	1	1	1	280.737	108.766	149.878
271.368	78.072	1	1	1	289.071	108.766	149.878
270.376	77.941	1	1	1	306.756	108.766	149.878
269.381	77.847	1	1	1	294.499	108.766	149.878
268.385	77.753	1	1	1	287.107	108.766	149.878
267.390	77.659	1	1	1	293.250	108.766	149.878
266.394	77.565	1	1	1	302.102	108.766	149.878
265.398	77.472	1	1	1	297.032	108.766	149.878
264.403	77.378	1	1	1	297.832	108.766	149.878
263.407	77.284	1	1	1	323.300	108.766	149.878
262.412	77.190	1	1	1	328.847	108.766	149.878
261.416	77.096	1	1	1	316.564	108.766	149.878
260.421	77.002	1	1	1	318.089	108.766	149.878
259.425	76.908	1	1	1	316.414	108.766	149.878
258.429	76.814	1	1	1	325.331	108.766	149.878
257.434	76.720	1	1	1	335.067	108.766	149.878
256.438	76.626	1	1	1	338.665	108.766	149.878
255.443	76.532	1	1	1	353.282	108.766	149.878
254.447	76.438	1	1	1	379.013	108.766	149.878
253.451	76.344	1	1	1	400.318	108.766	149.878
252.456	76.251	1	1	1	415.412	108.766	149.878
251.460	76.157	1	1	1	422.927	108.766	149.878
250.465	76.063	1	1	1	394.368	108.766	149.878
249.469	75.969	1	1	1	373.179	108.766	149.878
248.474	75.875	1	1	1	372.763	108.766	149.878
247.478	75.781	1	1	1	364.653	108.766	149.878
246.482	75.687	1	1	1	360.605	108.766	149.878
245.487	75.593	1	1	1	337.301	108.766	149.878
244.491	75.499	1	1	1	327.033	108.766	149.878
243.501	75.357	1	1	1	335.327	108.766	149.878
242.511	75.216	1	1	1	334.590	108.766	149.878
241.521	75.074	1	1	1	339.523	108.766	149.878
240.531	74.933	1	1	1	346.508	108.766	149.878
239.542	74.792	1	1	1	346.697	108.766	149.878
238.552	74.650	1	1	1	340.402	108.766	149.878
237.562	74.509	1	1	1	339.223	108.766	149.878
236.572	74.367	1	1	1	340.261	108.766	149.878
235.582	74.226	1	1	1	337.950	108.766	149.878
234.592	74.085	1	1	1	323.988	108.766	149.878
233.602	73.943	1	1	1	306.301	108.766	149.878
232.612	73.802	1	1	1	308.723	108.766	149.878
231.622	73.660	1	1	1	329.585	108.766	149.878
230.632	73.519	1	1	1	339.447	108.766	149.878
229.642	73.377	1	1	1	349.410	108.766	149.878
228.652	73.236	1	1	1	347.634	108.766	149.878
227.662	73.095	1	1	1	380.505	108.766	149.878
226.662	73.104	1	1	1	380.096	108.766	149.878
225.706	73.398	1	1	1	374.042	108.766	149.878
224.751	73.692	1	1	1	361.272	108.766	149.878
223.795	73.986	1	1	1	363.703	108.766	149.878
222.839	74.280	1	1	1	404.394	108.766	149.878
221.883	74.574	1	1	1	432.032	108.766	149.878
220.927	74.868	1	1	1	473.257	108.766	149.878
219.972	75.163	1	1	1	447.116	108.766	149.878
219.016	75.457	1	1	1	447.428	108.766	149.878
218.060	75.751	1	1	1	440.362	108.766	149.878
217.104	76.045	1	1	1	428.172	108.766	149.878
216.149	76.339	1	1	1	412.941	108.766	149.878
215.193	76.633	1	1	1	431.378	108.766	149.878
214.237	76.927	1	1	1	437.481	108.766	149.878
213.281	77.221	1	1	1	436.212	108.766	149.878
212.325	77.515	1	1	1	422.512	108.766	149.878
211.370	77.809	1	1	1	414.602	108.766	149.878
210.414	78.103	1	1	1	388.052	108.766	149.878
209.458	78.397	1	1	1	372.602	108.766	149.878
208.502	78.692	1	1	1	376.769	108.766	149.878
207.547	78.986	1	1	1	390.308	108.766	149.878
206.681	79.486	1	1	1	382.637	108.766	149.878
205.821	79.997	1	1	1	371.859	108.766	149.878
204.961	80.507	1	1	1	370.164	108.766	149.878
204.101	81.018	1	1	1	364.127	108.766	149.878
203.242	81.528	1	1	1	365.152	108.766	149.878
202.382	82.039	1	1	1	357.424	108.766	149.878
201.522	82.550	1	1	1	375.240	108.766	149.878
200.662	83.060	1	1	1	395.132	108.766	149.878
199.802	83.571	1	1	1	385.536	108.766	149.878
198.942	84.081	1	1	1	378.300	108.766	149.878
198.082	84.592	1	1	1	377.501	108.766	149.878
197.223	85.102	1	1	1	357.119	108.766	149.878
196.363	85.613	1	1	1	363.977	108.766	149.878
195.503	86.123	1	1	1	363.975	108.766	149.878
194.643	86.634	1	1	1	361.017	108.766	149.878
193.783	87.144	1	1	1	371.323	108.766	149.878
192.923	87.655	1	1	1	354.822	108.766	149.878
192.063	88.165	1	1	1	378.205	108.766	149.878
191.152	88.577	1	1	1	395.352	108.766	149.878
190.176	88.794	1	1	1	396.681	108.766	149.878
189.200	89.011	1	1	1	402.155	108.766	149.878
188.224	89.228	1	1	1	364.281	108.766	149.878
187.247	89.445	1	1	1	324.370	108.766	149.878
186.271	89.662	1	1	1	312.648	108.766	149.878
185.295	89.879	1	1	1	334.700	108.766	149.878
184.319	90.096	1	1	1	352.959	108.766	149.878
183.343	90.313	1	1	1	350.706	108.766	149.878
182.366	90.530	1	1	1	350.796	108.766	149.878
181.390	90.747	1	1	1	369.897	108.766	149.878
180.414	90.964	1	1	1	395.887	108.766	149.878
179.438	91.180	1	1	1	431.267	108.766	149.878
178.462	91.397	1	1	1	424.158	108.766	149.878
177.486	91.614	1	1	1	435.972	108.766	149.878
176.509	91.831	1	1	1	453.970	108.766	149.878
175.533	92.048	1	1	1	493.914	108.766	149.878
174.557	92.265	1	1	1	507.991	108.766	149.878
173.581	92.482	1	1	1	500.411	108.766	149.878
172.672	92.899	1	1	1	513.736	108.766	149.878
171.771	93.333	1	1	1	492.134	108.766	149.878
170.870	93.766	1	1	1	498.345	108.766	149.878
169.969	94.200	1	1	1	516.864	108.766	149.878
169.068	94.634	1	1	1	526.714	108.766	149.878
168.167	95.068	1	1	1	550.364	108.766	149.878
167.266	95.502	1	1	1	523.471	108.766	149.878
166.365	95.935	1	1	1	497.428	108.766	149.878
165.464	96.369	1	1	1	460.010	108.766	149.878
164.563	96.803	1	1	1	467.176	108.766	149.878
163.662	97.237	1	1	1	459.023	108.766	149.878
162.761	97.671	1	1	1	467.552	108.766	149.878
161.860	98.105	1	1	1	510.648	108.766	149.878
160.959	98.538	1	1	1	490.244	108.766	149.878
160.058	98.972	1	1	1	461.994	108.766	149.878
159.163	99.419	1	1	1	456.653	108.766	149.878
158.268	99.866	1	1	1	438.650	108.766	149.878
157.374	100.313	1	1	1	454.255	108.766	149.878
156.480	100.760	1	1	1	472.360	108.766	149.878
155.585	101.207	1	1	1	455.250	108.766	149.878
154.691	101.655	1	1	1	451.999	108.766	149.878
153.796	102.102	1	1	1	449.679	108.766	149.878
152.902	102.549	1	1	1	470.064	108.766	149.878
152.007	102.996	1	1	1	477.852	108.766	149.878
151.113	103.443	1	1	1	468.536	108.766	149.878
150.219	103.891	1	1	1	463.573	108.766	149.878
149.324	104.338	1	1	1	452.204	108.766	149.878
148.430	104.785	1	1	1	444.482	108.766	149.878
147.535	105.232	1	1	1	423.122	108.766	149.878
146.641	105.680	1	1	1	396.885	108.766	149.878
145.746	106.127	1	1	1	408.111	108.766	149.878
144.852	106.574	1	1	1	405.891	108.766	149.878
143.958	107.021	1	1	1	412.274	108.766	149.878
143.063	107.468	1	1	1	434.990	108.766	149.878
142.169	107.916	1	1	1	438.428	108.766	149.878
141.274	108.363	1	1	1	464.273	108.766	149.878
140.380	108.810	1	1	1	474.287	108.766	149.878
139.483	109.253	1	1	1	463.241	108.766	149.878
138.585	109.692	1	1	1	458.674	108.766	149.878
137.686	110.131	1	1	1	440.475	108.766	149.878
136.788	110.570	1	1	1	412.602	108.766	149.878
135.890	111.010	1	1	1	439.425	108.766	149.878
134.991	111.449	1	1	1	446.584	108.766	149.878
134.093	111.888	1	1	1	461.672	108.766	149.878
133.195	112.327	1	1	1	445.655	108.766	149.878
132.296	112.766	1	1	1	456.756	108.766	149.878
131.398	113.206	1	1	1	457.078	108.766	149.878
130.499	113.645	1	1	1	458.339	108.766	149.878
129.601	114.084	1	1	1	429.423	108.766	149.878
128.703	114.523	1	1	1	411.998	108.766	149.878
127.804	114.962	1	1	1	428.638	108.766	149.878
126.906	115.402	1	1	1	441.833	108.766	149.878
126.007	115.841	1	1	1	455.190	108.766	149.878
125.109	116.280	1	1	1	443.345	108.766	149.878
124.211	116.719	1	1	1	426.117	108.766	149.878
123.312	117.158	1	1	1	412.942	108.766	149.878
122.414	117.598	1	1	1	396.903	108.766	149.878
121.516	118.037	1	1	1	413.304	108.766	149.878
120.617	118.476	1	1	1	423.693	108.766	149.878
119.719	118.915	1	1	1	454.995	108.766	149.878
118.820	119.354	1	1	1	432.853	108.766	149.878
117.922	119.794	1	1	1	436.592	108.766	149.878
117.023	120.233	1	1	1	425.588	108.766	149.878
116.125	120.671	1	1	1	445.357	108.766	149.878
115.226	121.110	1	1	1	494.468	108.766	149.878
114.327	121.549	1	1	1	519.275	108.766	149.878
113.429	121.987	1	1	1	527.735	108.766	149.878
112.530	122.426	1	1	1	488.715	108.766	149.878
111.631	122.864	1	1	1	466.742	108.766	149.878
110.733	123.303	1	1	1	449.685	108.766	149.878
109.834	123.742	1	1	1	430.262	108.766	149.878
108.935	124.180	1	1	1	406.311	108.766	149.878
108.037	124.619	1	1	1	399.305	108.766	149.878
107.138	125.058	1	1	1	376.436	108.766	149.878
106.239	125.496	1	1	1	378.169	108.766	149.878
105.341	125.935	1	1	1	409.562	108.766	149.878
104.442	126.373	1	1	1	445.913	108.766	149.878
103.543	126.812	1	1	1	439.522	108.766	149.878
102.632	127.223	1	1	1	411.073	108.766	149.878
101.719	127.632	1	1	1	408.130	108.766	149.878
100.807	128.041	1	1	1	409.806	108.766	149.878
99.894	128.450	1	1	1	403.442	108.766	149.878
98.982	128.859	1	1	1	396.224	108.766	149.878
98.069	129.268	1	1	1	378.035	108.766	149.878
97.157	129.677	1	1	1	394.821	108.766	149.878
96.244	130.086	1	1	1	417.185	108.766	149.878
95.332	130.495	1	1	1	468.963	108.766	149.878
94.419	130.904	1	1	1	469.065	108.766	149.878
93.538	131.377	1	1	1	492.787	108.766	149.878
92.723	131.956	1	1	1	465.709	108.766	149.878
91.907	132.535	1	1	1	451.455	108.766	149.878
91.092	133.114	1	1	1	433.543	108.766	149.878
90.277	133.694	1	1	1	429.104	108.766	149.878
89.462	134.273	1	1	1	410.602	108.766	149.878
88.647	134.852	1	1	1	398.094	108.766	149.878
87.831	135.431	1	1	1	402.265	108.766	149.878
87.016	136.010	1	1	1	386.703	108.766	149.878
86.201	136.590	1	1	1	418.591	108.766	149.878
85.386	137.169	1	1	1	449.573	108.766	149.878
84.571	137.748	1	1	1	436.369	108.766	149.878
83.756	138.327	1	1	1	453.798	108.766	149.878
82.940	138.906	1	1	1	468.122	108.766	149.878
82.125	139.486	1	1	1	492.885	108.766	149.878
81.310	140.065	1	1	1	538.766	108.766	149.878
80.515	140.671	1	1	1	570.112	108.766	149.878
79.724	141.283	1	1	1	584.816	108.766	149.878
78.933	141.896	1	1	1	575.587	108.766	149.878
78.143	142.508	1	1	1	555.283	108.766	149.878
77.352	143.120	1	1	1	568.844	108.766	149.878
76.561	143.732	1	1	1	569.902	108.766	149.878
75.771	144.344	1	1	1	502.929	108.766	149.878
74.980	144.956	1	1	1	480.358	108.766	149.878
74.189	145.569	1	1	1	450.439	108.766	149.878
73.398	146.181	1	1	1	428.635	108.766	149.878
72.608	146.793	1	1	1	407.596	108.766	149.878
71.817	147.405	1	1	1	381.265	108.766	149.878
71.026	148.017	1	1	1	388.017	108.766	149.878
