X	Y	C	Z	T	Intensity	BG	MX
60.500	156.500	2	1	1	689.600	108.133	169.093
59.631	156.995	2	1	1	685.128	108.133	169.093
58.762	157.489	2	1	1	663.360	108.133	169.093
57.893	157.984	2	1	1	641.770	108.133	169.093
57.024	158.479	2	1	1	683.166	108.133	169.093
56.155	158.973	2	1	1	663.129	108.133	169.093
55.286	159.468	2	1	1	631.234	108.133	169.093
54.417	159.963	2	1	1	577.131	108.133	169.093
53.547	160.458	2	1	1	572.757	108.133	169.093
52.678	160.952	2	1	1	608.710	108.133	169.093
51.809	161.447	2	1	1	604.900	108.133	169.093
50.940	161.942	2	1	1	618.011	108.133	169.093
50.071	162.436	2	1	1	597.717	108.133	169.093
49.202	162.931	2	1	1	571.110	108.133	169.093
48.333	163.426	2	1	1	550.290	108.133	169.093
47.464	163.920	2	1	1	519.914	108.133	169.093
46.595	164.415	2	1	1	470.658	108.133	169.093
45.726	164.910	2	1	1	482.632	108.133	169.093
44.857	165.405	2	1	1	496.069	108.133	169.093
43.986	165.896	2	1	1	493.029	108.133	169.093
43.111	166.380	2	1	1	483.979	108.133	169.093
42.236	166.865	2	1	1	518.408	108.133	169.093
41.361	167.349	2	1	1	518.040	108.133	169.093
40.486	167.833	2	1	1	577.453	108.133	169.093
39.612	168.318	2	1	1	550.003	108.133	169.093
38.737	168.802	2	1	1	509.757	108.133	169.093
37.862	169.286	2	1	1	414.268	108.133	169.093
36.987	169.771	2	1	1	375.549	108.133	169.093
36.112	170.255	2	1	1	346.777	108.133	169.093
35.237	170.739	2	1	1	355.891	108.133	169.093
34.362	171.224	2	1	1	369.404	108.133	169.093
33.487	171.708	2	1	1	409.220	108.133	169.093
32.612	172.192	2	1	1	418.049	108.133	169.093
31.737	172.677	2	1	1	449.875	108.133	169.093
30.863	173.161	2	1	1	420.421	108.133	169.093
30.068	173.769	2	1	1	400.446	108.133	169.093
29.509	174.597	2	1	1	369.134	108.133	169.093
28.949	175.426	2	1	1	344.607	108.133	169.093
28.389	176.254	2	1	1	336.977	108.133	169.093
27.829	177.083	2	1	1	335.947	108.133	169.093
27.269	177.912	2	1	1	374.804	108.133	169.093
26.709	178.740	2	1	1	405.349	108.133	169.093
26.149	179.569	2	1	1	451.517	108.133	169.093
25.590	180.397	2	1	1	471.939	108.133	169.093
25.030	181.226	2	1	1	505.702	108.133	169.093
24.470	182.055	2	1	1	513.208	108.133	169.093
23.987	182.930	2	1	1	494.222	108.133	169.093
23.914	183.928	2	1	1	413.271	108.133	169.093
23.842	184.925	2	1	1	354.171	108.133	169.093
23.769	185.922	2	1	1	327.428	108.133	169.093
23.697	186.920	2	1	1	329.174	108.133	169.093
23.624	187.917	2	1	1	328.425	108.133	169.093
23.552	188.914	2	1	1	331.785	108.133	169.093
23.479	189.912	2	1	1	407.938	108.133	169.093
23.407	190.909	2	1	1	398.849	108.133	169.093
23.334	191.906	2	1	1	426.458	108.133	169.093
23.262	192.904	2	1	1	401.228	108.133	169.093
23.189	193.901	2	1	1	408.961	108.133	169.093
23.116	194.899	2	1	1	398.861	108.133	169.093
23.044	195.896	2	1	1	381.983	108.133	169.093
23.044	196.896	2	1	1	368.368	108.133	169.093
23.154	197.890	2	1	1	342.079	108.133	169.093
23.265	198.884	2	1	1	318.388	108.133	169.093
23.375	199.878	2	1	1	319.338	108.133	169.093
23.486	200.871	2	1	1	294.632	108.133	169.093
23.596	201.865	2	1	1	292.097	108.133	169.093
23.707	202.859	2	1	1	291.409	108.133	169.093
23.817	203.853	2	1	1	303.162	108.133	169.093
23.927	204.847	2	1	1	332.915	108.133	169.093
24.038	205.841	2	1	1	350.380	108.133	169.093
24.148	206.835	2	1	1	394.245	108.133	169.093
24.259	207.829	2	1	1	438.515	108.133	169.093
24.369	208.823	2	1	1	441.581	108.133	169.093
24.480	209.816	2	1	1	394.608	108.133	169.093
24.590	210.810	2	1	1	328.755	108.133	169.093
24.700	211.804	2	1	1	270.206	108.133	169.093
24.811	212.798	2	1	1	229.516	108.133	169.093
24.921	213.792	2	1	1	211.563	108.133	169.093
25.044	214.784	2	1	1	204.984	108.133	169.093
25.196	215.773	2	1	1	215.545	108.133	169.093
25.348	216.761	2	1	1	233.881	108.133	169.093
25.500	217.750	2	1	1	279.441	108.133	169.093
25.652	218.738	2	1	1	316.302	108.133	169.093
25.804	219.726	2	1	1	332.465	108.133	169.093
25.956	220.715	2	1	1	346.474	108.133	169.093
26.131	221.699	2	1	1	328.712	108.133	169.093
26.315	222.682	2	1	1	293.011	108.133	169.093
26.500	223.665	2	1	1	247.658	108.133	169.093
26.684	224.648	2	1	1	242.932	108.133	169.093
26.868	225.631	2	1	1	258.317	108.133	169.093
27.053	226.614	2	1	1	287.541	108.133	169.093
27.237	227.596	2	1	1	335.309	108.133	169.093
27.421	228.579	2	1	1	360.225	108.133	169.093
27.605	229.562	2	1	1	366.122	108.133	169.093
27.790	230.545	2	1	1	353.754	108.133	169.093
27.974	231.528	2	1	1	364.646	108.133	169.093
28.158	232.511	2	1	1	370.514	108.133	169.093
28.343	233.494	2	1	1	376.340	108.133	169.093
28.527	234.477	2	1	1	371.390	108.133	169.093
28.711	235.459	2	1	1	370.728	108.133	169.093
28.895	236.442	2	1	1	407.911	108.133	169.093
29.154	237.408	2	1	1	459.306	108.133	169.093
29.508	238.343	2	1	1	484.685	108.133	169.093
29.862	239.279	2	1	1	464.215	108.133	169.093
30.216	240.214	2	1	1	417.552	108.133	169.093
30.570	241.149	2	1	1	396.544	108.133	169.093
30.924	242.085	2	1	1	377.017	108.133	169.093
31.278	243.020	2	1	1	382.622	108.133	169.093
31.632	243.955	2	1	1	432.355	108.133	169.093
31.986	244.890	2	1	1	492.161	108.133	169.093
32.339	245.826	2	1	1	517.613	108.133	169.093
32.693	246.761	2	1	1	558.664	108.133	169.093
33.047	247.696	2	1	1	519.243	108.133	169.093
33.401	248.632	2	1	1	473.028	108.133	169.093
33.755	249.567	2	1	1	459.687	108.133	169.093
34.109	250.502	2	1	1	489.481	108.133	169.093
34.463	251.437	2	1	1	554.602	108.133	169.093
34.817	252.373	2	1	1	550.181	108.133	169.093
35.171	253.308	2	1	1	518.601	108.133	169.093
35.524	254.243	2	1	1	434.022	108.133	169.093
35.878	255.179	2	1	1	394.244	108.133	169.093
36.314	256.079	2	1	1	387.671	108.133	169.093
36.791	256.958	2	1	1	351.414	108.133	169.093
37.268	257.836	2	1	1	324.208	108.133	169.093
37.745	258.715	2	1	1	316.137	108.133	169.093
38.223	259.594	2	1	1	303.498	108.133	169.093
38.700	260.473	2	1	1	316.752	108.133	169.093
39.177	261.352	2	1	1	329.677	108.133	169.093
39.654	262.231	2	1	1	338.891	108.133	169.093
40.131	263.109	2	1	1	319.332	108.133	169.093
40.608	263.988	2	1	1	282.328	108.133	169.093
41.085	264.867	2	1	1	262.378	108.133	169.093
41.562	265.746	2	1	1	273.944	108.133	169.093
42.039	266.625	2	1	1	281.949	108.133	169.093
42.516	267.504	2	1	1	279.119	108.133	169.093
42.993	268.383	2	1	1	296.973	108.133	169.093
43.471	269.261	2	1	1	287.380	108.133	169.093
43.948	270.140	2	1	1	274.666	108.133	169.093
44.425	271.019	2	1	1	270.171	108.133	169.093
44.902	271.898	2	1	1	247.422	108.133	169.093
45.379	272.777	2	1	1	253.754	108.133	169.093
46.253	273.263	2	1	1	257.110	108.133	169.093
47.196	273.594	2	1	1	254.082	108.133	169.093
48.140	273.924	2	1	1	266.673	108.133	169.093
49.084	274.254	2	1	1	295.031	108.133	169.093
50.028	274.585	2	1	1	323.002	108.133	169.093
50.972	274.915	2	1	1	336.156	108.133	169.093
51.916	275.245	2	1	1	352.849	108.133	169.093
52.860	275.576	2	1	1	355.548	108.133	169.093
53.803	275.906	2	1	1	356.841	108.133	169.093
54.747	276.237	2	1	1	359.548	108.133	169.093
55.605	276.751	2	1	1	320.027	108.133	169.093
55.989	277.674	2	1	1	303.631	108.133	169.093
56.374	278.597	2	1	1	298.580	108.133	169.093
56.759	279.520	2	1	1	274.916	108.133	169.093
57.143	280.444	2	1	1	277.863	108.133	169.093
57.528	281.367	2	1	1	287.185	108.133	169.093
57.912	282.290	2	1	1	303.077	108.133	169.093
58.297	283.213	2	1	1	270.047	108.133	169.093
58.682	284.136	2	1	1	247.070	108.133	169.093
59.066	285.059	2	1	1	228.989	108.133	169.093
59.451	285.982	2	1	1	203.788	108.133	169.093
59.835	286.905	2	1	1	206.782	108.133	169.093
60.220	287.828	2	1	1	210.375	108.133	169.093
60.616	288.746	2	1	1	222.149	108.133	169.093
61.042	289.651	2	1	1	219.908	108.133	169.093
61.468	290.556	2	1	1	235.244	108.133	169.093
61.893	291.461	2	1	1	251.146	108.133	169.093
62.319	292.366	2	1	1	249.954	108.133	169.093
62.745	293.271	2	1	1	244.665	108.133	169.093
63.171	294.175	2	1	1	225.667	108.133	169.093
63.597	295.080	2	1	1	234.511	108.133	169.093
64.022	295.985	2	1	1	270.615	108.133	169.093
64.448	296.890	2	1	1	297.025	108.133	169.093
65.125	297.625	2	1	1	315.464	108.133	169.093
65.833	298.333	2	1	1	346.986	108.133	169.093
66.540	299.040	2	1	1	363.971	108.133	169.093
67.247	299.747	2	1	1	366.464	108.133	169.093
67.954	300.454	2	1	1	360.336	108.133	169.093
68.661	301.161	2	1	1	388.216	108.133	169.093
69.368	301.868	2	1	1	385.101	108.133	169.093
70.075	302.575	2	1	1	379.419	108.133	169.093
70.782	303.282	2	1	1	350.859	108.133	169.093
71.489	303.989	2	1	1	312.881	108.133	169.093
72.197	304.697	2	1	1	299.062	108.133	169.093
72.932	305.374	2	1	1	323.581	108.133	169.093
73.688	306.029	2	1	1	302.341	108.133	169.093
74.443	306.684	2	1	1	317.130	108.133	169.093
75.199	307.339	2	1	1	340.236	108.133	169.093
75.955	307.994	2	1	1	375.605	108.133	169.093
76.710	308.649	2	1	1	434.603	108.133	169.093
77.466	309.304	2	1	1	508.987	108.133	169.093
78.222	309.959	2	1	1	497.041	108.133	169.093
78.977	310.614	2	1	1	471.544	108.133	169.093
79.733	311.269	2	1	1	412.101	108.133	169.093
80.412	312.003	2	1	1	352.799	108.133	169.093
81.045	312.777	2	1	1	306.094	108.133	169.093
81.678	313.551	2	1	1	272.954	108.133	169.093
82.311	314.325	2	1	1	258.531	108.133	169.093
82.945	315.099	2	1	1	243.248	108.133	169.093
83.578	315.873	2	1	1	252.770	108.133	169.093
84.211	316.647	2	1	1	248.788	108.133	169.093
84.844	317.421	2	1	1	264.208	108.133	169.093
85.478	318.195	2	1	1	316.013	108.133	169.093
86.111	318.969	2	1	1	364.317	108.133	169.093
86.744	319.743	2	1	1	411.118	108.133	169.093
87.377	320.517	2	1	1	455.885	108.133	169.093
88.011	321.291	2	1	1	482.720	108.133	169.093
88.644	322.065	2	1	1	497.235	108.133	169.093
89.449	322.658	2	1	1	509.574	108.133	169.093
90.393	322.989	2	1	1	496.745	108.133	169.093
91.336	323.320	2	1	1	489.262	108.133	169.093
92.280	323.651	2	1	1	451.543	108.133	169.093
93.223	323.982	2	1	1	398.789	108.133	169.093
94.167	324.313	2	1	1	351.618	108.133	169.093
95.111	324.644	2	1	1	336.642	108.133	169.093
96.054	324.975	2	1	1	377.670	108.133	169.093
96.998	325.306	2	1	1	384.734	108.133	169.093
97.941	325.637	2	1	1	402.237	108.133	169.093
98.885	325.968	2	1	1	400.182	108.133	169.093
99.829	326.299	2	1	1	353.035	108.133	169.093
100.772	326.631	2	1	1	300.211	108.133	169.093
101.716	326.962	2	1	1	254.550	108.133	169.093
102.659	327.293	2	1	1	251.157	108.133	169.093
103.592	327.654	2	1	1	247.246	108.133	169.093
104.504	328.064	2	1	1	252.556	108.133	169.093
105.416	328.475	2	1	1	252.683	108.133	169.093
106.328	328.885	2	1	1	265.035	108.133	169.093
107.240	329.295	2	1	1	273.636	108.133	169.093
108.152	329.706	2	1	1	295.471	108.133	169.093
109.063	330.116	2	1	1	312.234	108.133	169.093
109.975	330.526	2	1	1	312.319	108.133	169.093
110.887	330.937	2	1	1	312.736	108.133	169.093
111.799	331.347	2	1	1	297.213	108.133	169.093
112.711	331.758	2	1	1	263.498	108.133	169.093
113.465	332.414	2	1	1	260.737	108.133	169.093
113.927	333.301	2	1	1	259.912	108.133	169.093
114.388	334.189	2	1	1	249.342	108.133	169.093
114.849	335.076	2	1	1	242.545	108.133	169.093
115.311	335.963	2	1	1	220.586	108.133	169.093
115.772	336.850	2	1	1	207.625	108.133	169.093
116.233	337.737	2	1	1	194.418	108.133	169.093
116.781	338.574	2	1	1	190.323	108.133	169.093
117.437	339.329	2	1	1	195.553	108.133	169.093
118.093	340.084	2	1	1	194.281	108.133	169.093
118.748	340.839	2	1	1	208.251	108.133	169.093
119.404	341.594	2	1	1	227.778	108.133	169.093
120.060	342.349	2	1	1	267.376	108.133	169.093
120.715	343.104	2	1	1	289.101	108.133	169.093
121.371	343.859	2	1	1	301.487	108.133	169.093
122.027	344.614	2	1	1	311.140	108.133	169.093
122.683	345.369	2	1	1	336.104	108.133	169.093
123.338	346.124	2	1	1	346.633	108.133	169.093
123.994	346.879	2	1	1	344.980	108.133	169.093
124.650	347.634	2	1	1	321.022	108.133	169.093
125.595	347.959	2	1	1	339.023	108.133	169.093
126.566	348.200	2	1	1	301.502	108.133	169.093
127.537	348.440	2	1	1	299.452	108.133	169.093
128.507	348.680	2	1	1	285.413	108.133	169.093
129.478	348.920	2	1	1	284.618	108.133	169.093
130.449	349.161	2	1	1	309.524	108.133	169.093
131.420	349.401	2	1	1	319.561	108.133	169.093
132.390	349.641	2	1	1	345.427	108.133	169.093
133.356	349.900	2	1	1	366.697	108.133	169.093
134.300	350.230	2	1	1	414.142	108.133	169.093
135.244	350.560	2	1	1	478.976	108.133	169.093
136.188	350.891	2	1	1	486.237	108.133	169.093
137.132	351.221	2	1	1	453.991	108.133	169.093
138.076	351.551	2	1	1	428.464	108.133	169.093
139.019	351.882	2	1	1	384.834	108.133	169.093
139.963	352.212	2	1	1	376.413	108.133	169.093
140.907	352.543	2	1	1	394.167	108.133	169.093
141.851	352.873	2	1	1	437.387	108.133	169.093
142.795	353.203	2	1	1	462.622	108.133	169.093
143.739	353.534	2	1	1	509.218	108.133	169.093
144.683	353.864	2	1	1	576.534	108.133	169.093
145.626	354.194	2	1	1	601.768	108.133	169.093
146.576	354.507	2	1	1	633.838	108.133	169.093
147.573	354.592	2	1	1	573.461	108.133	169.093
148.569	354.677	2	1	1	486.956	108.133	169.093
149.565	354.763	2	1	1	436.878	108.133	169.093
150.562	354.848	2	1	1	408.681	108.133	169.093
151.558	354.934	2	1	1	407.139	108.133	169.093
152.555	355.019	2	1	1	404.896	108.133	169.093
153.551	355.104	2	1	1	389.745	108.133	169.093
154.547	355.190	2	1	1	407.456	108.133	169.093
155.544	355.275	2	1	1	423.475	108.133	169.093
156.540	355.361	2	1	1	406.719	108.133	169.093
157.536	355.446	2	1	1	389.763	108.133	169.093
158.536	355.428	2	1	1	386.832	108.133	169.093
159.518	355.236	2	1	1	423.815	108.133	169.093
160.499	355.045	2	1	1	471.687	108.133	169.093
161.481	354.853	2	1	1	493.886	108.133	169.093
162.462	354.662	2	1	1	514.340	108.133	169.093
163.444	354.470	2	1	1	479.364	108.133	169.093
164.425	354.279	2	1	1	425.238	108.133	169.093
165.407	354.087	2	1	1	405.823	108.133	169.093
166.388	353.896	2	1	1	391.555	108.133	169.093
167.370	353.704	2	1	1	397.595	108.133	169.093
168.351	353.513	2	1	1	423.450	108.133	169.093
169.332	353.321	2	1	1	463.310	108.133	169.093
170.314	353.130	2	1	1	455.605	108.133	169.093
171.295	352.938	2	1	1	451.383	108.133	169.093
172.256	352.659	2	1	1	460.588	108.133	169.093
173.180	352.279	2	1	1	525.804	108.133	169.093
174.105	351.898	2	1	1	611.811	108.133	169.093
175.030	351.517	2	1	1	699.021	108.133	169.093
175.954	351.136	2	1	1	756.403	108.133	169.093
176.879	350.756	2	1	1	765.059	108.133	169.093
177.804	350.375	2	1	1	759.754	108.133	169.093
178.729	349.994	2	1	1	741.989	108.133	169.093
179.653	349.613	2	1	1	710.915	108.133	169.093
180.578	349.233	2	1	1	680.785	108.133	169.093
181.503	348.852	2	1	1	626.762	108.133	169.093
182.427	348.471	2	1	1	593.950	108.133	169.093
183.393	348.212	2	1	1	598.267	108.133	169.093
184.374	348.408	2	1	1	624.119	108.133	169.093
185.354	348.604	2	1	1	650.065	108.133	169.093
186.335	348.800	2	1	1	664.853	108.133	169.093
187.315	348.996	2	1	1	612.997	108.133	169.093
188.296	349.193	2	1	1	577.816	108.133	169.093
189.277	349.389	2	1	1	532.702	108.133	169.093
190.270	349.500	2	1	1	512.693	108.133	169.093
191.270	349.500	2	1	1	498.820	108.133	169.093
192.270	349.500	2	1	1	513.149	108.133	169.093
193.270	349.500	2	1	1	539.632	108.133	169.093
194.270	349.500	2	1	1	527.525	108.133	169.093
195.270	349.500	2	1	1	495.083	108.133	169.093
196.270	349.500	2	1	1	475.718	108.133	169.093
197.270	349.500	2	1	1	492.949	108.133	169.093
198.270	349.500	2	1	1	507.022	108.133	169.093
199.259	349.348	2	1	1	550.524	108.133	169.093
200.239	349.152	2	1	1	542.173	108.133	169.093
201.220	348.956	2	1	1	511.328	108.133	169.093
202.201	348.760	2	1	1	475.977	108.133	169.093
203.181	348.564	2	1	1	444.241	108.133	169.093
204.162	348.368	2	1	1	448.536	108.133	169.093
205.142	348.172	2	1	1	462.665	108.133	169.093
206.123	347.975	2	1	1	483.293	108.133	169.093
207.116	347.860	2	1	1	535.169	108.133	169.093
208.112	347.955	2	1	1	544.607	108.133	169.093
209.107	348.050	2	1	1	578.568	108.133	169.093
210.103	348.145	2	1	1	623.398	108.133	169.093
211.098	348.240	2	1	1	613.071	108.133	169.093
212.094	348.334	2	1	1	626.623	108.133	169.093
213.089	348.429	2	1	1	659.871	108.133	169.093
214.077	348.581	2	1	1	641.198	108.133	169.093
215.026	348.898	2	1	1	630.067	108.133	169.093
215.975	349.214	2	1	1	631.423	108.133	169.093
216.924	349.530	2	1	1	636.011	108.133	169.093
217.872	349.846	2	1	1	609.845	108.133	169.093
218.821	350.163	2	1	1	573.839	108.133	169.093
219.770	350.479	2	1	1	555.314	108.133	169.093
220.718	350.795	2	1	1	546.436	108.133	169.093
221.667	351.111	2	1	1	501.498	108.133	169.093
222.616	351.427	2	1	1	439.764	108.133	169.093
223.564	351.744	2	1	1	395.846	108.133	169.093
224.562	351.814	2	1	1	384.630	108.133	169.093
225.561	351.788	2	1	1	394.519	108.133	169.093
226.561	351.762	2	1	1	400.306	108.133	169.093
227.561	351.735	2	1	1	400.755	108.133	169.093
228.560	351.709	2	1	1	391.769	108.133	169.093
229.560	351.683	2	1	1	376.658	108.133	169.093
230.560	351.656	2	1	1	357.166	108.133	169.093
231.559	351.630	2	1	1	341.247	108.133	169.093
232.559	351.604	2	1	1	350.996	108.133	169.093
233.559	351.577	2	1	1	361.848	108.133	169.093
234.558	351.551	2	1	1	384.197	108.133	169.093
235.558	351.525	2	1	1	409.114	108.133	169.093
236.557	351.480	2	1	1	436.255	108.133	169.093
237.502	351.153	2	1	1	476.759	108.133	169.093
238.447	350.826	2	1	1	480.868	108.133	169.093
239.392	350.499	2	1	1	481.049	108.133	169.093
240.337	350.172	2	1	1	489.893	108.133	169.093
241.282	349.845	2	1	1	447.251	108.133	169.093
242.227	349.518	2	1	1	454.151	108.133	169.093
243.172	349.190	2	1	1	535.224	108.133	169.093
244.117	348.863	2	1	1	565.248	108.133	169.093
245.062	348.536	2	1	1	565.731	108.133	169.093
245.862	347.937	2	1	1	511.029	108.133	169.093
246.640	347.308	2	1	1	490.022	108.133	169.093
247.417	346.678	2	1	1	522.654	108.133	169.093
248.194	346.049	2	1	1	575.702	108.133	169.093
248.971	345.420	2	1	1	661.638	108.133	169.093
249.749	344.791	2	1	1	747.544	108.133	169.093
250.526	344.162	2	1	1	763.891	108.133	169.093
251.303	343.532	2	1	1	727.790	108.133	169.093
252.080	342.903	2	1	1	622.740	108.133	169.093
253.043	342.631	2	1	1	592.618	108.133	169.093
254.017	342.406	2	1	1	577.403	108.133	169.093
254.991	342.181	2	1	1	530.962	108.133	169.093
255.966	341.957	2	1	1	502.948	108.133	169.093
256.940	341.732	2	1	1	459.050	108.133	169.093
257.915	341.507	2	1	1	423.562	108.133	169.093
258.889	341.282	2	1	1	370.029	108.133	169.093
259.863	341.057	2	1	1	388.633	108.133	169.093
260.838	340.832	2	1	1	432.433	108.133	169.093
261.812	340.607	2	1	1	478.776	108.133	169.093
262.786	340.383	2	1	1	480.106	108.133	169.093
263.761	340.158	2	1	1	485.296	108.133	169.093
264.735	339.933	2	1	1	467.871	108.133	169.093
265.679	339.602	2	1	1	447.414	108.133	169.093
266.590	339.190	2	1	1	442.070	108.133	169.093
267.502	338.779	2	1	1	428.678	108.133	169.093
268.413	338.367	2	1	1	467.602	108.133	169.093
269.324	337.956	2	1	1	525.398	108.133	169.093
270.236	337.544	2	1	1	592.695	108.133	169.093
271.147	337.133	2	1	1	640.686	108.133	169.093
272.059	336.721	2	1	1	632.205	108.133	169.093
272.970	336.309	2	1	1	603.873	108.133	169.093
273.881	335.898	2	1	1	578.197	108.133	169.093
274.793	335.486	2	1	1	558.381	108.133	169.093
275.701	335.069	2	1	1	476.835	108.133	169.093
276.600	334.630	2	1	1	440.426	108.133	169.093
277.499	334.192	2	1	1	418.422	108.133	169.093
278.398	333.753	2	1	1	427.284	108.133	169.093
279.296	333.315	2	1	1	445.390	108.133	169.093
280.195	332.876	2	1	1	460.837	108.133	169.093
281.094	332.438	2	1	1	491.970	108.133	169.093
281.993	332.000	2	1	1	541.249	108.133	169.093
282.891	331.561	2	1	1	534.026	108.133	169.093
283.790	331.123	2	1	1	543.688	108.133	169.093
284.689	330.684	2	1	1	554.987	108.133	169.093
285.588	330.246	2	1	1	528.303	108.133	169.093
286.486	329.807	2	1	1	539.690	108.133	169.093
287.385	329.369	2	1	1	572.222	108.133	169.093
288.284	328.931	2	1	1	645.833	108.133	169.093
289.183	328.493	2	1	1	684.139	108.133	169.093
290.101	328.095	2	1	1	696.703	108.133	169.093
291.018	327.698	2	1	1	676.308	108.133	169.093
291.936	327.300	2	1	1	629.442	108.133	169.093
292.853	326.902	2	1	1	586.474	108.133	169.093
293.771	326.505	2	1	1	502.432	108.133	169.093
294.688	326.107	2	1	1	470.055	108.133	169.093
295.606	325.710	2	1	1	448.757	108.133	169.093
296.524	325.312	2	1	1	429.390	108.133	169.093
297.441	324.914	2	1	1	420.783	108.133	169.093
298.359	324.517	2	1	1	391.084	108.133	169.093
299.276	324.119	2	1	1	394.261	108.133	169.093
300.194	323.722	2	1	1	379.158	108.133	169.093
301.111	323.324	2	1	1	355.286	108.133	169.093
302.029	322.926	2	1	1	336.899	108.133	169.093
302.946	322.529	2	1	1	338.422	108.133	169.093
303.864	322.131	2	1	1	338.487	108.133	169.093
304.782	321.734	2	1	1	330.594	108.133	169.093
305.699	321.336	2	1	1	335.916	108.133	169.093
306.617	320.938	2	1	1	323.990	108.133	169.093
307.534	320.541	2	1	1	313.125	108.133	169.093
308.452	320.143	2	1	1	314.246	108.133	169.093
309.338	319.679	2	1	1	306.886	108.133	169.093
310.081	319.010	2	1	1	324.363	108.133	169.093
310.824	318.341	2	1	1	341.268	108.133	169.093
311.568	317.672	2	1	1	390.253	108.133	169.093
312.311	317.003	2	1	1	454.319	108.133	169.093
313.054	316.335	2	1	1	472.383	108.133	169.093
313.798	315.666	2	1	1	447.635	108.133	169.093
314.541	314.997	2	1	1	426.617	108.133	169.093
315.284	314.328	2	1	1	425.191	108.133	169.093
316.027	313.659	2	1	1	438.071	108.133	169.093
316.771	312.990	2	1	1	492.235	108.133	169.093
317.514	312.321	2	1	1	502.662	108.133	169.093
318.257	311.652	2	1	1	487.075	108.133	169.093
319.001	310.983	2	1	1	423.886	108.133	169.093
319.744	310.314	2	1	1	378.748	108.133	169.093
320.487	309.645	2	1	1	320.845	108.133	169.093
321.230	308.976	2	1	1	289.236	108.133	169.093
321.974	308.307	2	1	1	255.354	108.133	169.093
322.658	307.578	2	1	1	247.773	108.133	169.093
323.184	306.727	2	1	1	261.409	108.133	169.093
323.710	305.876	2	1	1	279.219	108.133	169.093
324.236	305.026	2	1	1	294.483	108.133	169.093
324.761	304.175	2	1	1	331.418	108.133	169.093
325.287	303.325	2	1	1	367.684	108.133	169.093
325.813	302.474	2	1	1	392.090	108.133	169.093
326.339	301.624	2	1	1	423.376	108.133	169.093
326.865	300.773	2	1	1	450.192	108.133	169.093
327.390	299.922	2	1	1	509.609	108.133	169.093
327.916	299.072	2	1	1	618.259	108.133	169.093
328.442	298.221	2	1	1	644.618	108.133	169.093
328.968	297.371	2	1	1	633.549	108.133	169.093
329.494	296.520	2	1	1	556.834	108.133	169.093
330.020	295.669	2	1	1	481.590	108.133	169.093
330.545	294.819	2	1	1	455.674	108.133	169.093
331.071	293.968	2	1	1	450.725	108.133	169.093
331.597	293.118	2	1	1	433.350	108.133	169.093
332.123	292.267	2	1	1	413.593	108.133	169.093
332.649	291.416	2	1	1	433.597	108.133	169.093
333.174	290.566	2	1	1	450.908	108.133	169.093
333.700	289.715	2	1	1	496.828	108.133	169.093
334.200	288.849	2	1	1	528.932	108.133	169.093
334.690	287.977	2	1	1	491.488	108.133	169.093
335.180	287.106	2	1	1	449.144	108.133	169.093
335.670	286.234	2	1	1	425.522	108.133	169.093
336.161	285.362	2	1	1	413.738	108.133	169.093
336.651	284.491	2	1	1	432.343	108.133	169.093
337.141	283.619	2	1	1	438.560	108.133	169.093
337.631	282.748	2	1	1	446.443	108.133	169.093
338.122	281.876	2	1	1	508.369	108.133	169.093
338.612	281.005	2	1	1	552.800	108.133	169.093
339.102	280.133	2	1	1	516.115	108.133	169.093
339.593	279.261	2	1	1	433.284	108.133	169.093
340.083	278.390	2	1	1	392.788	108.133	169.093
340.573	277.518	2	1	1	331.300	108.133	169.093
341.063	276.647	2	1	1	325.251	108.133	169.093
341.554	275.775	2	1	1	362.824	108.133	169.093
342.044	274.904	2	1	1	446.927	108.133	169.093
342.534	274.032	2	1	1	514.702	108.133	169.093
343.039	273.169	2	1	1	557.805	108.133	169.093
343.566	272.319	2	1	1	570.738	108.133	169.093
344.094	271.470	2	1	1	541.671	108.133	169.093
344.621	270.620	2	1	1	536.038	108.133	169.093
345.148	269.770	2	1	1	531.525	108.133	169.093
345.676	268.921	2	1	1	459.870	108.133	169.093
346.203	268.071	2	1	1	428.218	108.133	169.093
346.730	267.221	2	1	1	400.137	108.133	169.093
347.258	266.372	2	1	1	372.959	108.133	169.093
347.785	265.522	2	1	1	387.807	108.133	169.093
348.313	264.672	2	1	1	389.090	108.133	169.093
348.837	263.821	2	1	1	378.699	108.133	169.093
349.079	262.851	2	1	1	391.581	108.133	169.093
349.322	261.880	2	1	1	390.391	108.133	169.093
349.564	260.910	2	1	1	439.576	108.133	169.093
349.807	259.940	2	1	1	499.857	108.133	169.093
350.049	258.970	2	1	1	527.570	108.133	169.093
350.292	258.000	2	1	1	562.927	108.133	169.093
350.534	257.030	2	1	1	616.741	108.133	169.093
350.777	256.060	2	1	1	718.566	108.133	169.093
351.019	255.089	2	1	1	776.302	108.133	169.093
351.262	254.119	2	1	1	747.789	108.133	169.093
351.504	253.149	2	1	1	677.285	108.133	169.093
351.747	252.179	2	1	1	669.483	108.133	169.093
351.989	251.209	2	1	1	658.642	108.133	169.093
352.318	250.264	2	1	1	653.256	108.133	169.093
352.858	249.423	2	1	1	690.583	108.133	169.093
353.398	248.581	2	1	1	687.712	108.133	169.093
353.938	247.739	2	1	1	610.941	108.133	169.093
354.478	246.897	2	1	1	510.987	108.133	169.093
355.018	246.056	2	1	1	462.651	108.133	169.093
355.558	245.214	2	1	1	433.408	108.133	169.093
356.098	244.372	2	1	1	428.666	108.133	169.093
356.638	243.531	2	1	1	436.827	108.133	169.093
357.177	242.689	2	1	1	476.170	108.133	169.093
357.717	241.847	2	1	1	492.617	108.133	169.093
358.257	241.006	2	1	1	494.703	108.133	169.093
358.797	240.164	2	1	1	500.598	108.133	169.093
359.337	239.322	2	1	1	501.153	108.133	169.093
359.877	238.481	2	1	1	464.303	108.133	169.093
360.417	237.639	2	1	1	466.157	108.133	169.093
360.957	236.797	2	1	1	496.973	108.133	169.093
361.497	235.955	2	1	1	552.368	108.133	169.093
362.037	235.114	2	1	1	679.479	108.133	169.093
362.577	234.272	2	1	1	729.055	108.133	169.093
363.117	233.430	2	1	1	790.836	108.133	169.093
363.605	232.558	2	1	1	769.423	108.133	169.093
363.962	231.624	2	1	1	654.200	108.133	169.093
364.320	230.690	2	1	1	580.564	108.133	169.093
364.677	229.756	2	1	1	528.487	108.133	169.093
365.034	228.822	2	1	1	526.631	108.133	169.093
365.391	227.888	2	1	1	511.250	108.133	169.093
365.748	226.953	2	1	1	477.604	108.133	169.093
366.105	226.019	2	1	1	458.278	108.133	169.093
366.462	225.085	2	1	1	410.838	108.133	169.093
366.820	224.151	2	1	1	389.780	108.133	169.093
367.177	223.217	2	1	1	398.602	108.133	169.093
367.534	222.283	2	1	1	450.392	108.133	169.093
367.882	221.346	2	1	1	523.205	108.133	169.093
368.185	220.393	2	1	1	576.792	108.133	169.093
368.488	219.440	2	1	1	562.489	108.133	169.093
368.791	218.487	2	1	1	518.243	108.133	169.093
369.093	217.534	2	1	1	443.826	108.133	169.093
369.396	216.580	2	1	1	410.428	108.133	169.093
369.699	215.627	2	1	1	404.116	108.133	169.093
370.001	214.674	2	1	1	371.524	108.133	169.093
370.304	213.721	2	1	1	379.746	108.133	169.093
370.607	212.768	2	1	1	381.031	108.133	169.093
370.910	211.815	2	1	1	377.201	108.133	169.093
371.212	210.862	2	1	1	378.585	108.133	169.093
371.515	209.909	2	1	1	370.482	108.133	169.093
371.818	208.956	2	1	1	369.962	108.133	169.093
372.121	208.003	2	1	1	440.023	108.133	169.093
372.423	207.050	2	1	1	470.684	108.133	169.093
372.726	206.097	2	1	1	519.634	108.133	169.093
373.029	205.144	2	1	1	550.303	108.133	169.093
373.332	204.191	2	1	1	533.563	108.133	169.093
373.634	203.237	2	1	1	483.473	108.133	169.093
373.937	202.284	2	1	1	484.252	108.133	169.093
374.240	201.331	2	1	1	432.880	108.133	169.093
374.543	200.378	2	1	1	422.474	108.133	169.093
374.845	199.425	2	1	1	425.165	108.133	169.093
375.148	198.472	2	1	1	425.613	108.133	169.093
375.451	197.519	2	1	1	419.934	108.133	169.093
375.754	196.566	2	1	1	396.091	108.133	169.093
376.056	195.613	2	1	1	389.223	108.133	169.093
376.359	194.660	2	1	1	354.228	108.133	169.093
376.662	193.707	2	1	1	353.989	108.133	169.093
376.992	192.763	2	1	1	344.329	108.133	169.093
377.359	191.833	2	1	1	350.184	108.133	169.093
377.725	190.902	2	1	1	356.758	108.133	169.093
378.092	189.972	2	1	1	362.710	108.133	169.093
378.458	189.041	2	1	1	392.051	108.133	169.093
378.825	188.111	2	1	1	445.092	108.133	169.093
379.192	187.181	2	1	1	489.093	108.133	169.093
379.558	186.250	2	1	1	538.973	108.133	169.093
379.925	185.320	2	1	1	548.955	108.133	169.093
380.291	184.389	2	1	1	561.394	108.133	169.093
380.658	183.459	2	1	1	582.867	108.133	169.093
381.024	182.528	2	1	1	619.304	108.133	169.093
381.355	181.585	2	1	1	652.301	108.133	169.093
381.663	180.633	2	1	1	669.998	108.133	169.093
381.971	179.682	2	1	1	656.946	108.133	169.093
382.278	178.730	2	1	1	606.271	108.133	169.093
382.586	177.779	2	1	1	529.072	108.133	169.093
382.894	176.828	2	1	1	442.348	108.133	169.093
383.202	175.876	2	1	1	355.724	108.133	169.093
383.510	174.925	2	1	1	279.261	108.133	169.093
383.818	173.973	2	1	1	254.199	108.133	169.093
384.125	173.022	2	1	1	235.585	108.133	169.093
384.433	172.070	2	1	1	266.691	108.133	169.093
384.741	171.119	2	1	1	284.324	108.133	169.093
384.659	170.122	2	1	1	320.201	108.133	169.093
384.420	169.151	2	1	1	389.892	108.133	169.093
384.181	168.180	2	1	1	501.636	108.133	169.093
383.942	167.209	2	1	1	570.658	108.133	169.093
383.703	166.238	2	1	1	576.042	108.133	169.093
383.465	165.267	2	1	1	518.226	108.133	169.093
383.226	164.296	2	1	1	451.723	108.133	169.093
382.987	163.325	2	1	1	421.826	108.133	169.093
382.748	162.354	2	1	1	401.808	108.133	169.093
382.509	161.383	2	1	1	400.527	108.133	169.093
382.271	160.412	2	1	1	408.764	108.133	169.093
382.032	159.441	2	1	1	396.628	108.133	169.093
381.793	158.469	2	1	1	371.224	108.133	169.093
381.554	157.498	2	1	1	321.084	108.133	169.093
381.315	156.527	2	1	1	315.369	108.133	169.093
381.077	155.556	2	1	1	323.093	108.133	169.093
380.838	154.585	2	1	1	358.894	108.133	169.093
380.599	153.614	2	1	1	435.001	108.133	169.093
380.360	152.643	2	1	1	499.412	108.133	169.093
380.122	151.672	2	1	1	534.752	108.133	169.093
379.883	150.701	2	1	1	489.441	108.133	169.093
379.429	149.810	2	1	1	437.213	108.133	169.093
378.924	148.947	2	1	1	420.536	108.133	169.093
378.419	148.084	2	1	1	403.616	108.133	169.093
377.914	147.221	2	1	1	418.447	108.133	169.093
377.409	146.358	2	1	1	413.207	108.133	169.093
376.903	145.495	2	1	1	442.489	108.133	169.093
376.398	144.632	2	1	1	421.216	108.133	169.093
375.893	143.769	2	1	1	360.511	108.133	169.093
375.388	142.905	2	1	1	299.471	108.133	169.093
374.883	142.042	2	1	1	260.156	108.133	169.093
374.377	141.179	2	1	1	262.087	108.133	169.093
373.872	140.316	2	1	1	275.890	108.133	169.093
373.367	139.453	2	1	1	292.187	108.133	169.093
372.862	138.590	2	1	1	273.829	108.133	169.093
372.357	137.727	2	1	1	254.207	108.133	169.093
371.852	136.864	2	1	1	256.223	108.133	169.093
371.126	136.176	2	1	1	247.625	108.133	169.093
370.394	135.495	2	1	1	241.868	108.133	169.093
369.661	134.814	2	1	1	249.049	108.133	169.093
368.929	134.133	2	1	1	252.699	108.133	169.093
368.197	133.453	2	1	1	272.435	108.133	169.093
367.464	132.772	2	1	1	281.211	108.133	169.093
366.732	132.091	2	1	1	307.380	108.133	169.093
365.999	131.410	2	1	1	296.005	108.133	169.093
365.267	130.729	2	1	1	297.675	108.133	169.093
364.534	130.048	2	1	1	318.951	108.133	169.093
363.802	129.368	2	1	1	332.408	108.133	169.093
363.070	128.687	2	1	1	337.096	108.133	169.093
362.337	128.006	2	1	1	343.705	108.133	169.093
361.605	127.325	2	1	1	323.946	108.133	169.093
360.872	126.644	2	1	1	284.508	108.133	169.093
360.140	125.963	2	1	1	282.279	108.133	169.093
359.407	125.282	2	1	1	283.281	108.133	169.093
358.675	124.602	2	1	1	297.611	108.133	169.093
357.943	123.921	2	1	1	297.244	108.133	169.093
357.210	123.240	2	1	1	301.334	108.133	169.093
356.478	122.559	2	1	1	278.350	108.133	169.093
355.745	121.878	2	1	1	257.126	108.133	169.093
355.013	121.197	2	1	1	253.875	108.133	169.093
354.280	120.517	2	1	1	234.631	108.133	169.093
353.548	119.836	2	1	1	240.605	108.133	169.093
352.816	119.155	2	1	1	237.442	108.133	169.093
352.083	118.474	2	1	1	254.990	108.133	169.093
351.351	117.793	2	1	1	259.345	108.133	169.093
350.618	117.112	2	1	1	262.430	108.133	169.093
349.886	116.431	2	1	1	267.556	108.133	169.093
349.153	115.751	2	1	1	278.170	108.133	169.093
348.421	115.070	2	1	1	304.807	108.133	169.093
347.631	114.456	2	1	1	320.453	108.133	169.093
346.814	113.880	2	1	1	323.950	108.133	169.093
345.997	113.304	2	1	1	307.735	108.133	169.093
345.180	112.727	2	1	1	268.275	108.133	169.093
344.362	112.151	2	1	1	274.625	108.133	169.093
343.545	111.575	2	1	1	282.979	108.133	169.093
342.728	110.999	2	1	1	300.485	108.133	169.093
341.910	110.422	2	1	1	315.427	108.133	169.093
341.093	109.846	2	1	1	357.161	108.133	169.093
340.276	109.270	2	1	1	426.842	108.133	169.093
339.459	108.694	2	1	1	493.180	108.133	169.093
338.641	108.118	2	1	1	504.183	108.133	169.093
337.824	107.541	2	1	1	484.397	108.133	169.093
337.007	106.965	2	1	1	434.536	108.133	169.093
336.189	106.389	2	1	1	375.538	108.133	169.093
335.372	105.813	2	1	1	330.551	108.133	169.093
334.555	105.236	2	1	1	320.765	108.133	169.093
333.737	104.660	2	1	1	304.195	108.133	169.093
332.920	104.084	2	1	1	281.815	108.133	169.093
332.103	103.508	2	1	1	281.400	108.133	169.093
331.286	102.932	2	1	1	280.228	108.133	169.093
330.468	102.355	2	1	1	288.769	108.133	169.093
329.651	101.779	2	1	1	332.737	108.133	169.093
328.834	101.203	2	1	1	371.672	108.133	169.093
328.016	100.627	2	1	1	431.416	108.133	169.093
327.199	100.050	2	1	1	461.012	108.133	169.093
326.382	99.474	2	1	1	468.258	108.133	169.093
325.565	98.898	2	1	1	486.806	108.133	169.093
324.736	98.337	2	1	1	472.517	108.133	169.093
323.885	97.812	2	1	1	452.504	108.133	169.093
323.034	97.287	2	1	1	431.947	108.133	169.093
322.183	96.762	2	1	1	374.159	108.133	169.093
321.332	96.237	2	1	1	289.206	108.133	169.093
320.481	95.712	2	1	1	262.113	108.133	169.093
319.630	95.187	2	1	1	235.560	108.133	169.093
318.779	94.662	2	1	1	264.091	108.133	169.093
317.928	94.137	2	1	1	304.757	108.133	169.093
317.077	93.611	2	1	1	353.382	108.133	169.093
316.226	93.086	2	1	1	392.304	108.133	169.093
315.375	92.561	2	1	1	405.414	108.133	169.093
314.524	92.036	2	1	1	350.221	108.133	169.093
313.673	91.511	2	1	1	322.396	108.133	169.093
312.822	90.986	2	1	1	295.163	108.133	169.093
311.971	90.461	2	1	1	280.473	108.133	169.093
311.120	89.936	2	1	1	274.659	108.133	169.093
310.269	89.411	2	1	1	266.339	108.133	169.093
309.418	88.885	2	1	1	246.179	108.133	169.093
308.567	88.360	2	1	1	239.434	108.133	169.093
307.716	87.835	2	1	1	233.699	108.133	169.093
306.865	87.310	2	1	1	224.129	108.133	169.093
306.014	86.785	2	1	1	246.207	108.133	169.093
305.163	86.260	2	1	1	279.215	108.133	169.093
304.312	85.735	2	1	1	316.976	108.133	169.093
303.461	85.210	2	1	1	371.492	108.133	169.093
302.610	84.685	2	1	1	356.401	108.133	169.093
301.759	84.160	2	1	1	366.742	108.133	169.093
300.803	83.863	2	1	1	399.310	108.133	169.093
299.822	83.670	2	1	1	416.743	108.133	169.093
298.841	83.477	2	1	1	473.186	108.133	169.093
297.860	83.284	2	1	1	481.143	108.133	169.093
296.879	83.091	2	1	1	572.310	108.133	169.093
295.898	82.898	2	1	1	604.095	108.133	169.093
294.916	82.705	2	1	1	610.712	108.133	169.093
293.935	82.512	2	1	1	618.752	108.133	169.093
292.954	82.319	2	1	1	617.271	108.133	169.093
291.973	82.126	2	1	1	556.539	108.133	169.093
290.992	81.933	2	1	1	477.351	108.133	169.093
290.010	81.740	2	1	1	397.415	108.133	169.093
289.029	81.547	2	1	1	333.247	108.133	169.093
288.048	81.354	2	1	1	365.473	108.133	169.093
287.067	81.161	2	1	1	382.843	108.133	169.093
286.086	80.968	2	1	1	406.145	108.133	169.093
285.104	80.775	2	1	1	399.972	108.133	169.093
284.123	80.582	2	1	1	343.137	108.133	169.093
283.142	80.389	2	1	1	304.516	108.133	169.093
282.161	80.196	2	1	1	270.149	108.133	169.093
281.180	80.003	2	1	1	256.764	108.133	169.093
280.198	79.810	2	1	1	243.371	108.133	169.093
279.217	79.617	2	1	1	232.639	108.133	169.093
278.236	79.423	2	1	1	230.875	108.133	169.093
277.255	79.230	2	1	1	231.859	108.133	169.093
276.274	79.037	2	1	1	250.814	108.133	169.093
275.292	78.844	2	1	1	250.931	108.133	169.093
274.311	78.651	2	1	1	275.287	108.133	169.093
273.330	78.458	2	1	1	294.020	108.133	169.093
272.349	78.265	2	1	1	338.976	108.133	169.093
271.368	78.072	2	1	1	383.619	108.133	169.093
270.376	77.941	2	1	1	367.942	108.133	169.093
269.381	77.847	2	1	1	383.969	108.133	169.093
268.385	77.753	2	1	1	383.251	108.133	169.093
267.390	77.659	2	1	1	365.601	108.133	169.093
266.394	77.565	2	1	1	352.269	108.133	169.093
265.398	77.472	2	1	1	344.494	108.133	169.093
264.403	77.378	2	1	1	350.404	108.133	169.093
263.407	77.284	2	1	1	370.850	108.133	169.093
262.412	77.190	2	1	1	383.764	108.133	169.093
261.416	77.096	2	1	1	412.498	108.133	169.093
260.421	77.002	2	1	1	427.444	108.133	169.093
259.425	76.908	2	1	1	404.060	108.133	169.093
258.429	76.814	2	1	1	370.133	108.133	169.093
257.434	76.720	2	1	1	361.124	108.133	169.093
256.438	76.626	2	1	1	405.600	108.133	169.093
255.443	76.532	2	1	1	451.278	108.133	169.093
254.447	76.438	2	1	1	491.420	108.133	169.093
253.451	76.344	2	1	1	497.480	108.133	169.093
252.456	76.251	2	1	1	520.662	108.133	169.093
251.460	76.157	2	1	1	541.083	108.133	169.093
250.465	76.063	2	1	1	505.900	108.133	169.093
249.469	75.969	2	1	1	445.438	108.133	169.093
248.474	75.875	2	1	1	385.383	108.133	169.093
247.478	75.781	2	1	1	347.810	108.133	169.093
246.482	75.687	2	1	1	327.479	108.133	169.093
245.487	75.593	2	1	1	311.151	108.133	169.093
244.491	75.499	2	1	1	309.316	108.133	169.093
243.501	75.357	2	1	1	317.804	108.133	169.093
242.511	75.216	2	1	1	354.227	108.133	169.093
241.521	75.074	2	1	1	385.673	108.133	169.093
240.531	74.933	2	1	1	403.532	108.133	169.093
239.542	74.792	2	1	1	422.821	108.133	169.093
238.552	74.650	2	1	1	441.830	108.133	169.093
237.562	74.509	2	1	1	445.250	108.133	169.093
236.572	74.367	2	1	1	430.038	108.133	169.093
235.582	74.226	2	1	1	445.907	108.133	169.093
234.592	74.085	2	1	1	420.084	108.133	169.093
233.602	73.943	2	1	1	390.005	108.133	169.093
232.612	73.802	2	1	1	374.500	108.133	169.093
231.622	73.660	2	1	1	383.302	108.133	169.093
230.632	73.519	2	1	1	383.078	108.133	169.093
229.642	73.377	2	1	1	409.385	108.133	169.093
228.652	73.236	2	1	1	444.762	108.133	169.093
227.662	73.095	2	1	1	483.715	108.133	169.093
226.662	73.104	2	1	1	475.700	108.133	169.093
225.706	73.398	2	1	1	497.455	108.133	169.093
224.751	73.692	2	1	1	489.993	108.133	169.093
223.795	73.986	2	1	1	478.432	108.133	169.093
222.839	74.280	2	1	1	482.476	108.133	169.093
221.883	74.574	2	1	1	495.394	108.133	169.093
220.927	74.868	2	1	1	500.536	108.133	169.093
219.972	75.163	2	1	1	490.359	108.133	169.093
219.016	75.457	2	1	1	500.061	108.133	169.093
218.060	75.751	2	1	1	444.299	108.133	169.093
217.104	76.045	2	1	1	417.601	108.133	169.093
216.149	76.339	2	1	1	432.473	108.133	169.093
215.193	76.633	2	1	1	484.148	108.133	169.093
214.237	76.927	2	1	1	531.120	108.133	169.093
213.281	77.221	2	1	1	583.145	108.133	169.093
212.325	77.515	2	1	1	615.525	108.133	169.093
211.370	77.809	2	1	1	554.064	108.133	169.093
210.414	78.103	2	1	1	515.809	108.133	169.093
209.458	78.397	2	1	1	520.598	108.133	169.093
208.502	78.692	2	1	1	545.551	108.133	169.093
207.547	78.986	2	1	1	527.345	108.133	169.093
206.681	79.486	2	1	1	484.668	108.133	169.093
205.821	79.997	2	1	1	444.440	108.133	169.093
204.961	80.507	2	1	1	431.128	108.133	169.093
204.101	81.018	2	1	1	439.630	108.133	169.093
203.242	81.528	2	1	1	448.528	108.133	169.093
202.382	82.039	2	1	1	413.193	108.133	169.093
201.522	82.550	2	1	1	404.589	108.133	169.093
200.662	83.060	2	1	1	385.137	108.133	169.093
199.802	83.571	2	1	1	419.289	108.133	169.093
198.942	84.081	2	1	1	415.172	108.133	169.093
198.082	84.592	2	1	1	426.896	108.133	169.093
197.223	85.102	2	1	1	453.916	108.133	169.093
196.363	85.613	2	1	1	487.197	108.133	169.093
195.503	86.123	2	1	1	542.433	108.133	169.093
194.643	86.634	2	1	1	504.898	108.133	169.093
193.783	87.144	2	1	1	529.170	108.133	169.093
192.923	87.655	2	1	1	517.693	108.133	169.093
192.063	88.165	2	1	1	542.731	108.133	169.093
191.152	88.577	2	1	1	579.334	108.133	169.093
190.176	88.794	2	1	1	585.426	108.133	169.093
189.200	89.011	2	1	1	537.200	108.133	169.093
188.224	89.228	2	1	1	493.644	108.133	169.093
187.247	89.445	2	1	1	436.948	108.133	169.093
186.271	89.662	2	1	1	381.973	108.133	169.093
185.295	89.879	2	1	1	355.827	108.133	169.093
184.319	90.096	2	1	1	359.220	108.133	169.093
183.343	90.313	2	1	1	379.806	108.133	169.093
182.366	90.530	2	1	1	409.347	108.133	169.093
181.390	90.747	2	1	1	473.629	108.133	169.093
180.414	90.964	2	1	1	507.960	108.133	169.093
179.438	91.180	2	1	1	550.035	108.133	169.093
178.462	91.397	2	1	1	568.170	108.133	169.093
177.486	91.614	2	1	1	581.367	108.133	169.093
176.509	91.831	2	1	1	628.053	108.133	169.093
175.533	92.048	2	1	1	693.287	108.133	169.093
174.557	92.265	2	1	1	738.273	108.133	169.093
173.581	92.482	2	1	1	751.926	108.133	169.093
172.672	92.899	2	1	1	752.335	108.133	169.093
171.771	93.333	2	1	1	748.238	108.133	169.093
170.870	93.766	2	1	1	749.373	108.133	169.093
169.969	94.200	2	1	1	769.110	108.133	169.093
169.068	94.634	2	1	1	769.048	108.133	169.093
168.167	95.068	2	1	1	833.428	108.133	169.093
167.266	95.502	2	1	1	812.763	108.133	169.093
166.365	95.935	2	1	1	739.582	108.133	169.093
165.464	96.369	2	1	1	642.692	108.133	169.093
164.563	96.803	2	1	1	590.808	108.133	169.093
163.662	97.237	2	1	1	631.514	108.133	169.093
162.761	97.671	2	1	1	689.629	108.133	169.093
161.860	98.105	2	1	1	742.810	108.133	169.093
160.959	98.538	2	1	1	718.953	108.133	169.093
160.058	98.972	2	1	1	714.928	108.133	169.093
159.163	99.419	2	1	1	654.658	108.133	169.093
158.268	99.866	2	1	1	615.417	108.133	169.093
157.374	100.313	2	1	1	599.086	108.133	169.093
156.480	100.760	2	1	1	588.801	108.133	169.093
155.585	101.207	2	1	1	597.844	108.133	169.093
154.691	101.655	2	1	1	575.065	108.133	169.093
153.796	102.102	2	1	1	550.950	108.133	169.093
152.902	102.549	2	1	1	576.224	108.133	169.093
152.007	102.996	2	1	1	580.875	108.133	169.093
151.113	103.443	2	1	1	589.726	108.133	169.093
150.219	103.891	2	1	1	576.051	108.133	169.093
149.324	104.338	2	1	1	598.387	108.133	169.093
148.430	104.785	2	1	1	606.186	108.133	169.093
147.535	105.232	2	1	1	591.718	108.133	169.093
146.641	105.680	2	1	1	537.570	108.133	169.093
145.746	106.127	2	1	1	534.001	108.133	169.093
144.852	106.574	2	1	1	510.181	108.133	169.093
143.958	107.021	2	1	1	520.513	108.133	169.093
143.063	107.468	2	1	1	529.276	108.133	169.093
142.169	107.916	2	1	1	595.613	108.133	169.093
141.274	108.363	2	1	1	605.531	108.133	169.093
140.380	108.810	2	1	1	617.417	108.133	169.093
139.483	109.253	2	1	1	633.050	108.133	169.093
138.585	109.692	2	1	1	613.047	108.133	169.093
137.686	110.131	2	1	1	613.903	108.133	169.093
136.788	110.570	2	1	1	570.949	108.133	169.093
135.890	111.010	2	1	1	571.728	108.133	169.093
134.991	111.449	2	1	1	583.932	108.133	169.093
134.093	111.888	2	1	1	589.386	108.133	169.093
133.195	112.327	2	1	1	607.568	108.133	169.093
132.296	112.766	2	1	1	617.879	108.133	169.093
131.398	113.206	2	1	1	627.692	108.133	169.093
130.499	113.645	2	1	1	603.780	108.133	169.093
129.601	114.084	2	1	1	577.417	108.133	169.093
128.703	114.523	2	1	1	570.313	108.133	169.093
127.804	114.962	2	1	1	577.410	108.133	169.093
126.906	115.402	2	1	1	610.407	108.133	169.093
126.007	115.841	2	1	1	678.480	108.133	169.093
125.109	116.280	2	1	1	645.421	108.133	169.093
124.211	116.719	2	1	1	589.851	108.133	169.093
123.312	117.158	2	1	1	522.004	108.133	169.093
122.414	117.598	2	1	1	504.053	108.133	169.093
121.516	118.037	2	1	1	496.417	108.133	169.093
120.617	118.476	2	1	1	501.848	108.133	169.093
119.719	118.915	2	1	1	487.279	108.133	169.093
118.820	119.354	2	1	1	491.441	108.133	169.093
117.922	119.794	2	1	1	512.460	108.133	169.093
117.023	120.233	2	1	1	485.420	108.133	169.093
116.125	120.671	2	1	1	500.064	108.133	169.093
115.226	121.110	2	1	1	556.190	108.133	169.093
114.327	121.549	2	1	1	561.552	108.133	169.093
113.429	121.987	2	1	1	582.778	108.133	169.093
112.530	122.426	2	1	1	528.054	108.133	169.093
111.631	122.864	2	1	1	475.574	108.133	169.093
110.733	123.303	2	1	1	397.811	108.133	169.093
109.834	123.742	2	1	1	368.821	108.133	169.093
108.935	124.180	2	1	1	352.579	108.133	169.093
108.037	124.619	2	1	1	363.061	108.133	169.093
107.138	125.058	2	1	1	394.849	108.133	169.093
106.239	125.496	2	1	1	407.206	108.133	169.093
105.341	125.935	2	1	1	431.046	108.133	169.093
104.442	126.373	2	1	1	418.355	108.133	169.093
103.543	126.812	2	1	1	440.617	108.133	169.093
102.632	127.223	2	1	1	433.723	108.133	169.093
101.719	127.632	2	1	1	445.225	108.133	169.093
100.807	128.041	2	1	1	459.230	108.133	169.093
99.894	128.450	2	1	1	473.036	108.133	169.093
98.982	128.859	2	1	1	458.560	108.133	169.093
98.069	129.268	2	1	1	471.111	108.133	169.093
97.157	129.677	2	1	1	493.809	108.133	169.093
96.244	130.086	2	1	1	491.054	108.133	169.093
95.332	130.495	2	1	1	533.041	108.133	169.093
94.419	130.904	2	1	1	536.694	108.133	169.093
93.538	131.377	2	1	1	539.465	108.133	169.093
92.723	131.956	2	1	1	530.397	108.133	169.093
91.907	132.535	2	1	1	513.441	108.133	169.093
91.092	133.114	2	1	1	557.550	108.133	169.093
90.277	133.694	2	1	1	563.135	108.133	169.093
89.462	134.273	2	1	1	614.091	108.133	169.093
88.647	134.852	2	1	1	600.481	108.133	169.093
87.831	135.431	2	1	1	568.754	108.133	169.093
87.016	136.010	2	1	1	563.726	108.133	169.093
86.201	136.590	2	1	1	610.311	108.133	169.093
85.386	137.169	2	1	1	630.877	108.133	169.093
84.571	137.748	2	1	1	649.486	108.133	169.093
83.756	138.327	2	1	1	614.920	108.133	169.093
82.940	138.906	2	1	1	583.820	108.133	169.093
82.125	139.486	2	1	1	600.638	108.133	169.093
81.310	140.065	2	1	1	644.055	108.133	169.093
80.515	140.671	2	1	1	720.294	108.133	169.093
79.724	141.283	2	1	1	790.913	108.133	169.093
78.933	141.896	2	1	1	804.813	108.133	169.093
78.143	142.508	2	1	1	829.016	108.133	169.093
77.352	143.120	2	1	1	808.971	108.133	169.093
76.561	143.732	2	1	1	729.628	108.133	169.093
75.771	144.344	2	1	1	631.031	108.133	169.093
74.980	144.956	2	1	1	510.452	108.133	169.093
74.189	145.569	2	1	1	437.713	108.133	169.093
73.398	146.181	2	1	1	410.726	108.133	169.093
72.608	146.793	2	1	1	357.043	108.133	169.093
71.817	147.405	2	1	1	364.405	108.133	169.093
71.026	148.017	2	1	1	410.931	108.133	169.093
