X	Y	C	Z	T	Intensity	BG	MX
83.750	153.500	2	1	1	145.157	103.081	118.704
83.685	154.498	2	1	1	147.314	103.081	118.704
83.620	155.496	2	1	1	147.727	103.081	118.704
83.555	156.494	2	1	1	143.281	103.081	118.704
83.490	157.492	2	1	1	144.372	103.081	118.704
83.425	158.489	2	1	1	146.735	103.081	118.704
83.360	159.487	2	1	1	141.526	103.081	118.704
83.294	160.485	2	1	1	134.957	103.081	118.704
83.229	161.483	2	1	1	142.343	103.081	118.704
83.164	162.481	2	1	1	159.495	103.081	118.704
83.099	163.479	2	1	1	173.492	103.081	118.704
83.034	164.477	2	1	1	174.116	103.081	118.704
83.167	165.468	2	1	1	174.102	103.081	118.704
83.502	166.410	2	1	1	165.215	103.081	118.704
83.837	167.352	2	1	1	155.276	103.081	118.704
84.173	168.294	2	1	1	140.966	103.081	118.704
84.508	169.236	2	1	1	127.348	103.081	118.704
84.843	170.178	2	1	1	127.119	103.081	118.704
85.178	171.120	2	1	1	125.786	103.081	118.704
85.514	172.063	2	1	1	123.405	103.081	118.704
85.849	173.005	2	1	1	120.157	103.081	118.704
86.184	173.947	2	1	1	126.658	103.081	118.704
86.507	174.893	2	1	1	127.360	103.081	118.704
86.628	175.886	2	1	1	122.229	103.081	118.704
86.749	176.879	2	1	1	120.479	103.081	118.704
86.870	177.871	2	1	1	118.639	103.081	118.704
86.992	178.864	2	1	1	125.114	103.081	118.704
87.113	179.856	2	1	1	123.254	103.081	118.704
87.234	180.849	2	1	1	122.606	103.081	118.704
87.355	181.842	2	1	1	135.309	103.081	118.704
87.476	182.834	2	1	1	139.276	103.081	118.704
87.597	183.827	2	1	1	140.366	103.081	118.704
87.718	184.820	2	1	1	141.597	103.081	118.704
87.839	185.812	2	1	1	139.338	103.081	118.704
87.960	186.805	2	1	1	146.536	103.081	118.704
88.081	187.798	2	1	1	139.729	103.081	118.704
88.178	188.793	2	1	1	132.463	103.081	118.704
88.218	189.792	2	1	1	125.862	103.081	118.704
88.258	190.791	2	1	1	126.789	103.081	118.704
88.298	191.790	2	1	1	126.373	103.081	118.704
88.338	192.790	2	1	1	130.140	103.081	118.704
88.378	193.789	2	1	1	124.117	103.081	118.704
88.418	194.788	2	1	1	121.838	103.081	118.704
88.458	195.787	2	1	1	122.785	103.081	118.704
88.498	196.786	2	1	1	119.664	103.081	118.704
88.531	197.786	2	1	1	119.422	103.081	118.704
88.563	198.785	2	1	1	126.196	103.081	118.704
88.595	199.785	2	1	1	127.931	103.081	118.704
88.627	200.784	2	1	1	130.261	103.081	118.704
88.660	201.784	2	1	1	138.871	103.081	118.704
88.692	202.783	2	1	1	145.598	103.081	118.704
88.724	203.783	2	1	1	161.471	103.081	118.704
88.756	204.782	2	1	1	173.069	103.081	118.704
88.789	205.782	2	1	1	177.057	103.081	118.704
88.821	206.781	2	1	1	165.498	103.081	118.704
88.893	207.779	2	1	1	168.749	103.081	118.704
88.989	208.774	2	1	1	180.841	103.081	118.704
89.085	209.769	2	1	1	173.056	103.081	118.704
89.182	210.765	2	1	1	157.905	103.081	118.704
89.278	211.760	2	1	1	151.378	103.081	118.704
89.374	212.755	2	1	1	151.174	103.081	118.704
89.471	213.751	2	1	1	142.069	103.081	118.704
89.567	214.746	2	1	1	137.200	103.081	118.704
89.663	215.742	2	1	1	129.966	103.081	118.704
89.759	216.737	2	1	1	135.629	103.081	118.704
89.754	217.737	2	1	1	135.309	103.081	118.704
89.438	218.686	2	1	1	136.589	103.081	118.704
89.122	219.634	2	1	1	131.598	103.081	118.704
88.806	220.583	2	1	1	128.571	103.081	118.704
88.489	221.532	2	1	1	139.322	103.081	118.704
88.173	222.480	2	1	1	149.013	103.081	118.704
87.857	223.429	2	1	1	157.778	103.081	118.704
87.541	224.378	2	1	1	162.352	103.081	118.704
87.225	225.326	2	1	1	157.482	103.081	118.704
87.120	226.321	2	1	1	151.599	103.081	118.704
87.063	227.319	2	1	1	136.604	103.081	118.704
87.006	228.318	2	1	1	125.957	103.081	118.704
86.949	229.316	2	1	1	127.414	103.081	118.704
86.892	230.314	2	1	1	129.044	103.081	118.704
86.835	231.313	2	1	1	126.213	103.081	118.704
86.777	232.311	2	1	1	124.713	103.081	118.704
86.720	233.309	2	1	1	128.623	103.081	118.704
86.663	234.308	2	1	1	134.982	103.081	118.704
86.606	235.306	2	1	1	139.040	103.081	118.704
86.549	236.305	2	1	1	141.019	103.081	118.704
86.512	237.304	2	1	1	135.693	103.081	118.704
86.603	238.300	2	1	1	154.126	103.081	118.704
86.694	239.296	2	1	1	191.624	103.081	118.704
86.784	240.292	2	1	1	220.263	103.081	118.704
86.875	241.287	2	1	1	237.343	103.081	118.704
86.965	242.283	2	1	1	216.782	103.081	118.704
87.056	243.279	2	1	1	186.023	103.081	118.704
87.146	244.275	2	1	1	173.101	103.081	118.704
87.574	245.179	2	1	1	167.043	103.081	118.704
88.089	246.036	2	1	1	161.668	103.081	118.704
88.603	246.894	2	1	1	165.963	103.081	118.704
89.118	247.751	2	1	1	154.967	103.081	118.704
89.632	248.609	2	1	1	136.049	103.081	118.704
90.147	249.466	2	1	1	140.158	103.081	118.704
90.661	250.324	2	1	1	139.940	103.081	118.704
91.176	251.181	2	1	1	159.334	103.081	118.704
91.690	252.039	2	1	1	169.508	103.081	118.704
92.205	252.896	2	1	1	184.093	103.081	118.704
92.719	253.754	2	1	1	180.348	103.081	118.704
93.263	254.593	2	1	1	171.522	103.081	118.704
93.980	255.290	2	1	1	155.095	103.081	118.704
94.697	255.987	2	1	1	152.072	103.081	118.704
95.414	256.684	2	1	1	143.490	103.081	118.704
96.132	257.380	2	1	1	150.304	103.081	118.704
96.849	258.077	2	1	1	142.233	103.081	118.704
97.566	258.774	2	1	1	142.216	103.081	118.704
98.284	259.471	2	1	1	143.145	103.081	118.704
99.001	260.168	2	1	1	135.522	103.081	118.704
99.718	260.864	2	1	1	136.110	103.081	118.704
100.435	261.561	2	1	1	137.612	103.081	118.704
101.153	262.258	2	1	1	155.146	103.081	118.704
101.870	262.955	2	1	1	167.004	103.081	118.704
102.587	263.651	2	1	1	178.765	103.081	118.704
103.305	264.348	2	1	1	193.670	103.081	118.704
104.022	265.045	2	1	1	180.978	103.081	118.704
104.739	265.742	2	1	1	158.495	103.081	118.704
105.460	266.435	2	1	1	143.488	103.081	118.704
106.181	267.127	2	1	1	138.023	103.081	118.704
106.903	267.820	2	1	1	139.314	103.081	118.704
107.624	268.512	2	1	1	143.955	103.081	118.704
108.345	269.205	2	1	1	152.556	103.081	118.704
109.067	269.898	2	1	1	154.217	103.081	118.704
109.788	270.590	2	1	1	168.971	103.081	118.704
110.510	271.283	2	1	1	171.357	103.081	118.704
111.231	271.975	2	1	1	158.540	103.081	118.704
111.952	272.668	2	1	1	154.957	103.081	118.704
112.674	273.360	2	1	1	143.844	103.081	118.704
113.341	274.105	2	1	1	130.884	103.081	118.704
113.880	274.948	2	1	1	129.682	103.081	118.704
114.419	275.790	2	1	1	130.296	103.081	118.704
114.958	276.632	2	1	1	130.886	103.081	118.704
115.497	277.474	2	1	1	129.449	103.081	118.704
116.036	278.317	2	1	1	125.146	103.081	118.704
116.575	279.159	2	1	1	120.555	103.081	118.704
117.114	280.001	2	1	1	124.298	103.081	118.704
117.653	280.844	2	1	1	132.259	103.081	118.704
118.192	281.686	2	1	1	135.777	103.081	118.704
118.738	282.524	2	1	1	139.886	103.081	118.704
119.293	283.356	2	1	1	142.036	103.081	118.704
119.847	284.188	2	1	1	136.890	103.081	118.704
120.402	285.020	2	1	1	135.246	103.081	118.704
120.957	285.852	2	1	1	135.914	103.081	118.704
121.512	286.684	2	1	1	120.471	103.081	118.704
122.066	287.516	2	1	1	117.903	103.081	118.704
122.621	288.348	2	1	1	121.460	103.081	118.704
123.176	289.180	2	1	1	128.883	103.081	118.704
123.730	290.012	2	1	1	127.997	103.081	118.704
124.393	290.761	2	1	1	138.041	103.081	118.704
125.079	291.488	2	1	1	134.905	103.081	118.704
125.765	292.216	2	1	1	138.916	103.081	118.704
126.451	292.943	2	1	1	144.210	103.081	118.704
127.137	293.671	2	1	1	163.503	103.081	118.704
127.823	294.399	2	1	1	168.191	103.081	118.704
128.509	295.126	2	1	1	193.386	103.081	118.704
129.195	295.854	2	1	1	210.778	103.081	118.704
129.882	296.581	2	1	1	190.661	103.081	118.704
130.568	297.309	2	1	1	172.239	103.081	118.704
131.254	298.037	2	1	1	174.338	103.081	118.704
131.940	298.764	2	1	1	170.815	103.081	118.704
132.626	299.492	2	1	1	156.897	103.081	118.704
133.312	300.219	2	1	1	168.058	103.081	118.704
133.998	300.947	2	1	1	160.083	103.081	118.704
134.684	301.675	2	1	1	170.026	103.081	118.704
135.268	302.486	2	1	1	156.858	103.081	118.704
135.823	303.318	2	1	1	151.389	103.081	118.704
136.378	304.150	2	1	1	145.120	103.081	118.704
136.932	304.982	2	1	1	145.807	103.081	118.704
137.487	305.814	2	1	1	144.513	103.081	118.704
138.042	306.646	2	1	1	136.992	103.081	118.704
138.596	307.478	2	1	1	136.982	103.081	118.704
139.151	308.310	2	1	1	138.155	103.081	118.704
139.706	309.142	2	1	1	129.198	103.081	118.704
140.261	309.974	2	1	1	123.730	103.081	118.704
140.815	310.806	2	1	1	125.260	103.081	118.704
141.370	311.638	2	1	1	133.709	103.081	118.704
141.925	312.470	2	1	1	132.539	103.081	118.704
142.479	313.302	2	1	1	144.460	103.081	118.704
143.034	314.134	2	1	1	168.732	103.081	118.704
143.589	314.967	2	1	1	184.892	103.081	118.704
144.144	315.799	2	1	1	201.237	103.081	118.704
144.698	316.631	2	1	1	200.583	103.081	118.704
145.253	317.463	2	1	1	216.349	103.081	118.704
145.808	318.295	2	1	1	220.463	103.081	118.704
146.362	319.127	2	1	1	221.991	103.081	118.704
146.917	319.959	2	1	1	220.658	103.081	118.704
147.472	320.791	2	1	1	182.128	103.081	118.704
148.026	321.623	2	1	1	153.204	103.081	118.704
148.581	322.455	2	1	1	139.086	103.081	118.704
149.407	323.019	2	1	1	126.380	103.081	118.704
150.358	323.328	2	1	1	120.790	103.081	118.704
151.309	323.636	2	1	1	124.870	103.081	118.704
152.260	323.945	2	1	1	118.830	103.081	118.704
153.212	324.253	2	1	1	124.350	103.081	118.704
154.163	324.562	2	1	1	120.435	103.081	118.704
155.114	324.870	2	1	1	120.532	103.081	118.704
156.065	325.179	2	1	1	123.181	103.081	118.704
157.016	325.487	2	1	1	120.253	103.081	118.704
157.968	325.796	2	1	1	132.183	103.081	118.704
158.919	326.104	2	1	1	131.740	103.081	118.704
159.870	326.413	2	1	1	128.281	103.081	118.704
160.821	326.721	2	1	1	130.442	103.081	118.704
161.806	326.897	2	1	1	133.461	103.081	118.704
162.801	326.997	2	1	1	128.721	103.081	118.704
163.796	327.096	2	1	1	133.213	103.081	118.704
164.791	327.196	2	1	1	128.232	103.081	118.704
165.786	327.295	2	1	1	135.264	103.081	118.704
166.781	327.395	2	1	1	140.980	103.081	118.704
167.776	327.494	2	1	1	130.948	103.081	118.704
168.771	327.594	2	1	1	125.258	103.081	118.704
169.766	327.693	2	1	1	126.411	103.081	118.704
170.761	327.793	2	1	1	122.813	103.081	118.704
171.756	327.892	2	1	1	124.504	103.081	118.704
172.751	327.992	2	1	1	129.276	103.081	118.704
173.746	328.091	2	1	1	143.973	103.081	118.704
174.741	328.191	2	1	1	176.016	103.081	118.704
175.736	328.290	2	1	1	187.285	103.081	118.704
176.731	328.390	2	1	1	223.514	103.081	118.704
177.726	328.489	2	1	1	229.331	103.081	118.704
178.721	328.589	2	1	1	207.662	103.081	118.704
179.716	328.688	2	1	1	170.102	103.081	118.704
180.711	328.788	2	1	1	141.152	103.081	118.704
181.703	328.921	2	1	1	128.154	103.081	118.704
182.690	329.082	2	1	1	122.538	103.081	118.704
183.676	329.243	2	1	1	122.692	103.081	118.704
184.663	329.404	2	1	1	118.528	103.081	118.704
185.650	329.565	2	1	1	122.237	103.081	118.704
186.637	329.727	2	1	1	129.211	103.081	118.704
187.624	329.888	2	1	1	130.568	103.081	118.704
188.611	330.049	2	1	1	129.331	103.081	118.704
189.598	330.210	2	1	1	129.678	103.081	118.704
190.585	330.371	2	1	1	134.598	103.081	118.704
191.572	330.532	2	1	1	133.992	103.081	118.704
192.559	330.693	2	1	1	135.953	103.081	118.704
193.546	330.854	2	1	1	139.669	103.081	118.704
194.533	331.016	2	1	1	144.426	103.081	118.704
195.520	331.177	2	1	1	143.186	103.081	118.704
196.507	331.338	2	1	1	148.671	103.081	118.704
197.494	331.499	2	1	1	165.780	103.081	118.704
198.489	331.593	2	1	1	180.422	103.081	118.704
199.485	331.687	2	1	1	180.020	103.081	118.704
200.480	331.781	2	1	1	163.426	103.081	118.704
201.476	331.875	2	1	1	159.007	103.081	118.704
202.471	331.969	2	1	1	170.790	103.081	118.704
203.467	332.063	2	1	1	184.181	103.081	118.704
204.463	332.157	2	1	1	204.684	103.081	118.704
205.458	332.251	2	1	1	220.690	103.081	118.704
206.454	332.345	2	1	1	210.514	103.081	118.704
207.449	332.439	2	1	1	187.409	103.081	118.704
208.445	332.533	2	1	1	167.077	103.081	118.704
209.440	332.626	2	1	1	149.450	103.081	118.704
210.436	332.720	2	1	1	141.069	103.081	118.704
211.436	332.714	2	1	1	139.810	103.081	118.704
212.435	332.661	2	1	1	144.262	103.081	118.704
213.433	332.609	2	1	1	156.911	103.081	118.704
214.432	332.556	2	1	1	164.652	103.081	118.704
215.430	332.504	2	1	1	166.024	103.081	118.704
216.429	332.451	2	1	1	176.137	103.081	118.704
217.428	332.399	2	1	1	182.667	103.081	118.704
218.426	332.346	2	1	1	169.890	103.081	118.704
219.425	332.293	2	1	1	153.760	103.081	118.704
220.424	332.241	2	1	1	145.994	103.081	118.704
221.422	332.188	2	1	1	137.143	103.081	118.704
222.421	332.136	2	1	1	137.939	103.081	118.704
223.419	332.083	2	1	1	141.931	103.081	118.704
224.418	332.031	2	1	1	142.854	103.081	118.704
225.415	331.948	2	1	1	157.090	103.081	118.704
226.407	331.824	2	1	1	180.577	103.081	118.704
227.399	331.700	2	1	1	205.808	103.081	118.704
228.391	331.576	2	1	1	220.814	103.081	118.704
229.384	331.452	2	1	1	209.840	103.081	118.704
230.376	331.328	2	1	1	215.085	103.081	118.704
231.372	331.239	2	1	1	251.855	103.081	118.704
232.372	331.210	2	1	1	283.993	103.081	118.704
233.371	331.180	2	1	1	275.005	103.081	118.704
234.371	331.151	2	1	1	247.619	103.081	118.704
235.370	331.121	2	1	1	222.911	103.081	118.704
236.370	331.092	2	1	1	215.053	103.081	118.704
237.369	331.063	2	1	1	256.752	103.081	118.704
238.369	331.033	2	1	1	287.840	103.081	118.704
239.369	331.004	2	1	1	267.339	103.081	118.704
240.354	330.833	2	1	1	232.066	103.081	118.704
241.335	330.642	2	1	1	212.799	103.081	118.704
242.317	330.450	2	1	1	201.191	103.081	118.704
243.298	330.259	2	1	1	190.565	103.081	118.704
244.280	330.067	2	1	1	171.266	103.081	118.704
245.261	329.876	2	1	1	163.411	103.081	118.704
246.243	329.684	2	1	1	147.325	103.081	118.704
247.224	329.493	2	1	1	153.800	103.081	118.704
248.206	329.301	2	1	1	160.652	103.081	118.704
249.187	329.110	2	1	1	163.319	103.081	118.704
250.092	328.684	2	1	1	198.077	103.081	118.704
250.827	328.006	2	1	1	230.772	103.081	118.704
251.562	327.328	2	1	1	232.577	103.081	118.704
252.297	326.649	2	1	1	203.239	103.081	118.704
253.031	325.971	2	1	1	171.768	103.081	118.704
253.766	325.293	2	1	1	153.441	103.081	118.704
254.501	324.614	2	1	1	136.489	103.081	118.704
255.236	323.936	2	1	1	137.553	103.081	118.704
255.971	323.258	2	1	1	126.258	103.081	118.704
256.551	322.444	2	1	1	124.283	103.081	118.704
257.028	321.564	2	1	1	122.135	103.081	118.704
257.504	320.685	2	1	1	127.111	103.081	118.704
257.980	319.806	2	1	1	125.119	103.081	118.704
258.456	318.927	2	1	1	125.700	103.081	118.704
258.933	318.047	2	1	1	136.070	103.081	118.704
259.409	317.168	2	1	1	136.273	103.081	118.704
259.824	316.258	2	1	1	139.032	103.081	118.704
260.225	315.342	2	1	1	163.071	103.081	118.704
260.626	314.426	2	1	1	175.893	103.081	118.704
261.027	313.510	2	1	1	190.605	103.081	118.704
261.428	312.594	2	1	1	178.966	103.081	118.704
261.829	311.678	2	1	1	154.235	103.081	118.704
262.229	310.761	2	1	1	151.690	103.081	118.704
262.630	309.845	2	1	1	162.566	103.081	118.704
263.061	308.943	2	1	1	185.103	103.081	118.704
263.794	308.263	2	1	1	193.135	103.081	118.704
264.527	307.582	2	1	1	200.101	103.081	118.704
265.260	306.902	2	1	1	178.881	103.081	118.704
265.993	306.221	2	1	1	169.404	103.081	118.704
266.725	305.541	2	1	1	180.960	103.081	118.704
267.458	304.860	2	1	1	205.794	103.081	118.704
268.191	304.180	2	1	1	224.016	103.081	118.704
268.924	303.499	2	1	1	218.107	103.081	118.704
269.657	302.819	2	1	1	203.847	103.081	118.704
270.434	302.190	2	1	1	190.804	103.081	118.704
271.248	301.609	2	1	1	165.490	103.081	118.704
272.061	301.028	2	1	1	144.759	103.081	118.704
272.875	300.446	2	1	1	134.416	103.081	118.704
273.689	299.865	2	1	1	125.322	103.081	118.704
274.503	299.284	2	1	1	124.936	103.081	118.704
275.314	298.699	2	1	1	123.994	103.081	118.704
276.092	298.071	2	1	1	119.381	103.081	118.704
276.870	297.442	2	1	1	128.617	103.081	118.704
277.648	296.814	2	1	1	127.623	103.081	118.704
278.426	296.186	2	1	1	129.221	103.081	118.704
279.204	295.558	2	1	1	125.398	103.081	118.704
279.982	294.930	2	1	1	130.724	103.081	118.704
280.760	294.302	2	1	1	146.549	103.081	118.704
281.539	293.674	2	1	1	157.743	103.081	118.704
282.353	293.093	2	1	1	153.349	103.081	118.704
283.283	292.726	2	1	1	159.412	103.081	118.704
284.213	292.359	2	1	1	160.641	103.081	118.704
285.143	291.992	2	1	1	157.522	103.081	118.704
286.073	291.625	2	1	1	185.156	103.081	118.704
287.004	291.257	2	1	1	197.009	103.081	118.704
287.934	290.890	2	1	1	218.332	103.081	118.704
288.864	290.523	2	1	1	216.810	103.081	118.704
289.794	290.156	2	1	1	212.617	103.081	118.704
290.724	289.789	2	1	1	194.973	103.081	118.704
291.654	289.422	2	1	1	178.190	103.081	118.704
292.585	289.054	2	1	1	157.716	103.081	118.704
293.515	288.687	2	1	1	152.340	103.081	118.704
294.445	288.320	2	1	1	145.842	103.081	118.704
295.363	287.924	2	1	1	136.498	103.081	118.704
296.273	287.509	2	1	1	128.416	103.081	118.704
297.182	287.093	2	1	1	135.937	103.081	118.704
298.092	286.677	2	1	1	127.981	103.081	118.704
299.001	286.261	2	1	1	130.198	103.081	118.704
299.911	285.846	2	1	1	130.831	103.081	118.704
300.820	285.430	2	1	1	133.167	103.081	118.704
301.730	285.014	2	1	1	135.047	103.081	118.704
302.639	284.598	2	1	1	143.809	103.081	118.704
303.548	284.183	2	1	1	144.092	103.081	118.704
304.458	283.767	2	1	1	152.305	103.081	118.704
305.367	283.351	2	1	1	159.152	103.081	118.704
306.277	282.935	2	1	1	154.051	103.081	118.704
307.112	282.386	2	1	1	153.587	103.081	118.704
307.920	281.796	2	1	1	136.927	103.081	118.704
308.727	281.206	2	1	1	139.621	103.081	118.704
309.535	280.616	2	1	1	132.810	103.081	118.704
310.342	280.026	2	1	1	141.150	103.081	118.704
311.149	279.436	2	1	1	138.952	103.081	118.704
311.957	278.846	2	1	1	136.603	103.081	118.704
312.764	278.256	2	1	1	154.109	103.081	118.704
313.572	277.666	2	1	1	172.075	103.081	118.704
314.379	277.076	2	1	1	181.891	103.081	118.704
315.182	276.480	2	1	1	192.750	103.081	118.704
315.782	275.680	2	1	1	179.512	103.081	118.704
316.382	274.880	2	1	1	169.157	103.081	118.704
316.982	274.080	2	1	1	152.324	103.081	118.704
317.582	273.280	2	1	1	137.527	103.081	118.704
318.182	272.480	2	1	1	132.850	103.081	118.704
318.782	271.680	2	1	1	125.698	103.081	118.704
319.382	270.880	2	1	1	120.621	103.081	118.704
319.982	270.080	2	1	1	113.353	103.081	118.704
320.582	269.280	2	1	1	116.168	103.081	118.704
321.182	268.480	2	1	1	124.136	103.081	118.704
321.782	267.680	2	1	1	125.941	103.081	118.704
322.353	266.859	2	1	1	116.780	103.081	118.704
322.872	266.004	2	1	1	132.185	103.081	118.704
323.391	265.150	2	1	1	131.909	103.081	118.704
323.910	264.295	2	1	1	129.494	103.081	118.704
324.429	263.440	2	1	1	124.838	103.081	118.704
324.948	262.585	2	1	1	120.890	103.081	118.704
325.467	261.730	2	1	1	121.478	103.081	118.704
325.986	260.876	2	1	1	122.843	103.081	118.704
326.505	260.021	2	1	1	119.691	103.081	118.704
327.024	259.166	2	1	1	118.005	103.081	118.704
327.543	258.311	2	1	1	121.944	103.081	118.704
327.888	257.372	2	1	1	122.686	103.081	118.704
328.004	256.379	2	1	1	132.615	103.081	118.704
328.121	255.386	2	1	1	143.066	103.081	118.704
328.238	254.393	2	1	1	158.620	103.081	118.704
328.355	253.400	2	1	1	171.023	103.081	118.704
328.472	252.407	2	1	1	204.864	103.081	118.704
328.589	251.413	2	1	1	244.036	103.081	118.704
328.705	250.420	2	1	1	266.150	103.081	118.704
328.822	249.427	2	1	1	271.630	103.081	118.704
328.857	248.428	2	1	1	262.453	103.081	118.704
328.883	247.428	2	1	1	258.723	103.081	118.704
328.910	246.428	2	1	1	231.372	103.081	118.704
328.936	245.429	2	1	1	192.566	103.081	118.704
328.962	244.429	2	1	1	164.995	103.081	118.704
328.989	243.430	2	1	1	143.989	103.081	118.704
329.015	242.430	2	1	1	130.796	103.081	118.704
329.041	241.430	2	1	1	125.139	103.081	118.704
329.068	240.431	2	1	1	120.598	103.081	118.704
329.094	239.431	2	1	1	120.324	103.081	118.704
329.120	238.431	2	1	1	121.653	103.081	118.704
329.147	237.432	2	1	1	130.521	103.081	118.704
329.164	236.432	2	1	1	142.338	103.081	118.704
329.155	235.432	2	1	1	157.624	103.081	118.704
329.146	234.432	2	1	1	179.905	103.081	118.704
329.136	233.432	2	1	1	178.938	103.081	118.704
329.127	232.432	2	1	1	164.816	103.081	118.704
329.117	231.432	2	1	1	154.777	103.081	118.704
329.108	230.432	2	1	1	140.941	103.081	118.704
329.098	229.432	2	1	1	138.278	103.081	118.704
329.089	228.432	2	1	1	151.220	103.081	118.704
329.080	227.432	2	1	1	160.009	103.081	118.704
329.070	226.432	2	1	1	165.115	103.081	118.704
329.061	225.432	2	1	1	163.530	103.081	118.704
329.051	224.432	2	1	1	167.982	103.081	118.704
329.042	223.432	2	1	1	186.433	103.081	118.704
329.032	222.432	2	1	1	201.156	103.081	118.704
329.023	221.432	2	1	1	209.291	103.081	118.704
329.014	220.432	2	1	1	195.701	103.081	118.704
329.004	219.432	2	1	1	176.480	103.081	118.704
328.956	218.434	2	1	1	158.615	103.081	118.704
328.877	217.437	2	1	1	153.962	103.081	118.704
328.799	216.440	2	1	1	162.584	103.081	118.704
328.721	215.443	2	1	1	182.329	103.081	118.704
328.643	214.446	2	1	1	219.704	103.081	118.704
328.565	213.449	2	1	1	245.882	103.081	118.704
328.486	212.452	2	1	1	244.803	103.081	118.704
328.408	211.455	2	1	1	229.536	103.081	118.704
328.330	210.458	2	1	1	221.617	103.081	118.704
328.252	209.461	2	1	1	203.356	103.081	118.704
328.174	208.464	2	1	1	169.889	103.081	118.704
328.095	207.467	2	1	1	150.639	103.081	118.704
328.017	206.470	2	1	1	141.107	103.081	118.704
327.761	205.504	2	1	1	136.257	103.081	118.704
327.456	204.551	2	1	1	132.025	103.081	118.704
327.152	203.599	2	1	1	126.830	103.081	118.704
326.847	202.646	2	1	1	133.689	103.081	118.704
326.542	201.694	2	1	1	136.137	103.081	118.704
326.237	200.742	2	1	1	146.455	103.081	118.704
325.933	199.789	2	1	1	150.245	103.081	118.704
325.628	198.837	2	1	1	155.168	103.081	118.704
325.323	197.884	2	1	1	149.392	103.081	118.704
325.018	196.932	2	1	1	145.993	103.081	118.704
324.713	195.980	2	1	1	143.353	103.081	118.704
324.409	195.027	2	1	1	149.114	103.081	118.704
324.104	194.075	2	1	1	149.651	103.081	118.704
323.711	193.155	2	1	1	145.288	103.081	118.704
323.274	192.256	2	1	1	150.762	103.081	118.704
322.837	191.356	2	1	1	148.605	103.081	118.704
322.400	190.457	2	1	1	139.450	103.081	118.704
321.963	189.557	2	1	1	142.307	103.081	118.704
321.527	188.658	2	1	1	148.631	103.081	118.704
321.090	187.758	2	1	1	148.879	103.081	118.704
320.653	186.859	2	1	1	152.552	103.081	118.704
320.216	185.959	2	1	1	145.145	103.081	118.704
319.779	185.059	2	1	1	142.886	103.081	118.704
319.189	184.252	2	1	1	143.917	103.081	118.704
318.589	183.452	2	1	1	143.721	103.081	118.704
317.989	182.652	2	1	1	155.043	103.081	118.704
317.389	181.852	2	1	1	157.089	103.081	118.704
316.789	181.052	2	1	1	168.700	103.081	118.704
316.189	180.252	2	1	1	176.434	103.081	118.704
316.567	179.326	2	1	1	147.684	103.081	118.704
317.211	178.561	2	1	1	128.326	103.081	118.704
317.856	177.797	2	1	1	130.493	103.081	118.704
318.500	177.032	2	1	1	127.188	103.081	118.704
319.144	176.267	2	1	1	130.592	103.081	118.704
319.788	175.502	2	1	1	140.492	103.081	118.704
320.432	174.737	2	1	1	154.944	103.081	118.704
321.076	173.972	2	1	1	188.000	103.081	118.704
321.720	173.207	2	1	1	234.135	103.081	118.704
322.365	172.442	2	1	1	246.113	103.081	118.704
323.009	171.677	2	1	1	215.480	103.081	118.704
323.653	170.912	2	1	1	179.161	103.081	118.704
323.861	169.934	2	1	1	159.899	103.081	118.704
323.623	168.963	2	1	1	159.471	103.081	118.704
323.385	167.992	2	1	1	144.614	103.081	118.704
323.147	167.021	2	1	1	142.064	103.081	118.704
322.908	166.049	2	1	1	133.010	103.081	118.704
322.670	165.078	2	1	1	133.362	103.081	118.704
322.432	164.107	2	1	1	127.354	103.081	118.704
322.194	163.136	2	1	1	132.822	103.081	118.704
321.955	162.165	2	1	1	126.325	103.081	118.704
321.717	161.193	2	1	1	125.840	103.081	118.704
321.479	160.222	2	1	1	125.769	103.081	118.704
321.241	159.251	2	1	1	124.571	103.081	118.704
321.003	158.280	2	1	1	120.853	103.081	118.704
320.764	157.309	2	1	1	127.858	103.081	118.704
320.161	156.511	2	1	1	129.343	103.081	118.704
319.538	155.729	2	1	1	137.160	103.081	118.704
318.914	154.947	2	1	1	145.416	103.081	118.704
318.291	154.165	2	1	1	149.792	103.081	118.704
317.668	153.383	2	1	1	146.869	103.081	118.704
317.044	152.601	2	1	1	145.060	103.081	118.704
316.421	151.819	2	1	1	158.065	103.081	118.704
315.798	151.037	2	1	1	175.374	103.081	118.704
315.174	150.255	2	1	1	160.590	103.081	118.704
314.551	149.473	2	1	1	150.264	103.081	118.704
313.928	148.691	2	1	1	149.949	103.081	118.704
313.305	147.909	2	1	1	148.007	103.081	118.704
312.681	147.127	2	1	1	150.341	103.081	118.704
312.058	146.345	2	1	1	140.385	103.081	118.704
311.435	145.563	2	1	1	141.252	103.081	118.704
310.811	144.781	2	1	1	131.123	103.081	118.704
310.188	143.999	2	1	1	121.198	103.081	118.704
309.565	143.218	2	1	1	133.890	103.081	118.704
308.941	142.436	2	1	1	128.195	103.081	118.704
308.318	141.654	2	1	1	136.092	103.081	118.704
307.695	140.872	2	1	1	142.070	103.081	118.704
307.071	140.090	2	1	1	144.324	103.081	118.704
306.373	139.373	2	1	1	157.514	103.081	118.704
305.666	138.666	2	1	1	179.542	103.081	118.704
304.959	137.959	2	1	1	212.549	103.081	118.704
304.252	137.252	2	1	1	284.240	103.081	118.704
303.545	136.545	2	1	1	350.208	103.081	118.704
302.838	135.838	2	1	1	419.275	103.081	118.704
302.131	135.131	2	1	1	473.117	103.081	118.704
301.424	134.424	2	1	1	444.334	103.081	118.704
300.717	133.717	2	1	1	342.954	103.081	118.704
300.010	133.010	2	1	1	280.480	103.081	118.704
299.302	132.302	2	1	1	203.256	103.081	118.704
298.595	131.595	2	1	1	178.937	103.081	118.704
297.888	130.888	2	1	1	164.590	103.081	118.704
297.181	130.181	2	1	1	154.587	103.081	118.704
296.466	129.482	2	1	1	142.881	103.081	118.704
295.587	129.006	2	1	1	147.072	103.081	118.704
294.707	128.531	2	1	1	141.985	103.081	118.704
293.827	128.055	2	1	1	144.415	103.081	118.704
292.947	127.580	2	1	1	134.577	103.081	118.704
292.068	127.104	2	1	1	139.964	103.081	118.704
291.188	126.629	2	1	1	141.413	103.081	118.704
290.308	126.153	2	1	1	146.352	103.081	118.704
289.429	125.678	2	1	1	155.152	103.081	118.704
288.549	125.202	2	1	1	148.069	103.081	118.704
287.669	124.727	2	1	1	153.797	103.081	118.704
286.790	124.251	2	1	1	148.222	103.081	118.704
285.910	123.776	2	1	1	140.340	103.081	118.704
285.030	123.300	2	1	1	138.206	103.081	118.704
284.150	122.824	2	1	1	141.621	103.081	118.704
283.273	122.344	2	1	1	142.425	103.081	118.704
282.396	121.864	2	1	1	125.925	103.081	118.704
281.519	121.384	2	1	1	125.547	103.081	118.704
280.642	120.903	2	1	1	123.055	103.081	118.704
279.765	120.423	2	1	1	121.416	103.081	118.704
278.888	119.943	2	1	1	120.980	103.081	118.704
278.011	119.462	2	1	1	126.630	103.081	118.704
277.134	118.982	2	1	1	121.443	103.081	118.704
276.257	118.502	2	1	1	117.129	103.081	118.704
275.379	118.021	2	1	1	120.728	103.081	118.704
274.502	117.541	2	1	1	123.572	103.081	118.704
273.625	117.061	2	1	1	119.398	103.081	118.704
272.748	116.580	2	1	1	122.298	103.081	118.704
271.871	116.100	2	1	1	130.505	103.081	118.704
270.994	115.620	2	1	1	130.417	103.081	118.704
270.108	115.156	2	1	1	140.142	103.081	118.704
269.124	114.977	2	1	1	146.421	103.081	118.704
268.140	114.798	2	1	1	151.308	103.081	118.704
267.156	114.619	2	1	1	150.278	103.081	118.704
266.173	114.440	2	1	1	160.607	103.081	118.704
265.189	114.262	2	1	1	155.521	103.081	118.704
264.205	114.083	2	1	1	178.360	103.081	118.704
263.221	113.904	2	1	1	195.228	103.081	118.704
262.289	113.542	2	1	1	201.838	103.081	118.704
261.407	113.070	2	1	1	195.802	103.081	118.704
260.525	112.599	2	1	1	186.290	103.081	118.704
259.643	112.127	2	1	1	171.500	103.081	118.704
258.762	111.655	2	1	1	153.627	103.081	118.704
257.880	111.184	2	1	1	145.117	103.081	118.704
256.998	110.712	2	1	1	143.643	103.081	118.704
256.116	110.240	2	1	1	137.840	103.081	118.704
255.234	109.769	2	1	1	132.560	103.081	118.704
254.353	109.297	2	1	1	135.672	103.081	118.704
253.471	108.825	2	1	1	139.549	103.081	118.704
252.589	108.354	2	1	1	138.359	103.081	118.704
251.707	107.882	2	1	1	139.896	103.081	118.704
250.825	107.411	2	1	1	152.227	103.081	118.704
249.944	106.939	2	1	1	159.879	103.081	118.704
249.062	106.467	2	1	1	172.974	103.081	118.704
248.196	105.967	2	1	1	175.399	103.081	118.704
247.359	105.419	2	1	1	171.879	103.081	118.704
246.523	104.871	2	1	1	170.245	103.081	118.704
245.686	104.323	2	1	1	168.525	103.081	118.704
244.850	103.775	2	1	1	155.987	103.081	118.704
244.013	103.227	2	1	1	149.294	103.081	118.704
243.177	102.679	2	1	1	141.033	103.081	118.704
242.341	102.131	2	1	1	133.093	103.081	118.704
241.504	101.583	2	1	1	134.844	103.081	118.704
240.668	101.035	2	1	1	125.511	103.081	118.704
239.831	100.487	2	1	1	123.164	103.081	118.704
238.995	99.939	2	1	1	127.182	103.081	118.704
238.102	99.488	2	1	1	126.437	103.081	118.704
237.198	99.061	2	1	1	123.100	103.081	118.704
236.294	98.634	2	1	1	126.414	103.081	118.704
235.390	98.207	2	1	1	127.543	103.081	118.704
234.485	97.780	2	1	1	126.001	103.081	118.704
233.581	97.352	2	1	1	129.843	103.081	118.704
232.677	96.925	2	1	1	145.660	103.081	118.704
231.773	96.498	2	1	1	174.782	103.081	118.704
230.869	96.071	2	1	1	204.491	103.081	118.704
229.964	95.644	2	1	1	228.033	103.081	118.704
229.060	95.217	2	1	1	214.413	103.081	118.704
228.156	94.790	2	1	1	197.545	103.081	118.704
227.252	94.363	2	1	1	182.209	103.081	118.704
226.348	93.936	2	1	1	185.363	103.081	118.704
225.443	93.508	2	1	1	197.029	103.081	118.704
224.539	93.081	2	1	1	237.710	103.081	118.704
223.635	92.654	2	1	1	247.248	103.081	118.704
222.731	92.227	2	1	1	233.089	103.081	118.704
221.866	91.725	2	1	1	192.269	103.081	118.704
221.054	91.141	2	1	1	168.631	103.081	118.704
220.242	90.558	2	1	1	155.646	103.081	118.704
219.429	89.975	2	1	1	148.735	103.081	118.704
218.617	89.392	2	1	1	139.381	103.081	118.704
217.805	88.809	2	1	1	146.648	103.081	118.704
216.992	88.225	2	1	1	139.666	103.081	118.704
216.180	87.642	2	1	1	137.415	103.081	118.704
215.368	87.059	2	1	1	134.215	103.081	118.704
214.555	86.476	2	1	1	137.998	103.081	118.704
213.743	85.892	2	1	1	139.133	103.081	118.704
212.931	85.309	2	1	1	139.582	103.081	118.704
212.025	84.886	2	1	1	144.405	103.081	118.704
211.052	84.654	2	1	1	162.882	103.081	118.704
210.079	84.421	2	1	1	192.398	103.081	118.704
209.107	84.189	2	1	1	222.106	103.081	118.704
208.134	83.956	2	1	1	223.606	103.081	118.704
207.162	83.723	2	1	1	206.701	103.081	118.704
206.189	83.491	2	1	1	185.530	103.081	118.704
205.217	83.258	2	1	1	173.830	103.081	118.704
204.244	83.026	2	1	1	172.616	103.081	118.704
203.271	82.793	2	1	1	165.256	103.081	118.704
202.299	82.561	2	1	1	166.761	103.081	118.704
201.326	82.328	2	1	1	173.119	103.081	118.704
200.374	82.023	2	1	1	175.554	103.081	118.704
199.433	81.683	2	1	1	169.006	103.081	118.704
198.493	81.343	2	1	1	157.938	103.081	118.704
197.553	81.003	2	1	1	141.572	103.081	118.704
196.612	80.663	2	1	1	137.623	103.081	118.704
195.672	80.323	2	1	1	130.142	103.081	118.704
194.731	79.983	2	1	1	124.247	103.081	118.704
193.791	79.643	2	1	1	129.357	103.081	118.704
192.851	79.302	2	1	1	149.138	103.081	118.704
191.910	78.962	2	1	1	169.692	103.081	118.704
190.970	78.622	2	1	1	201.713	103.081	118.704
190.030	78.282	2	1	1	231.118	103.081	118.704
189.075	77.985	2	1	1	229.843	103.081	118.704
188.079	77.897	2	1	1	213.473	103.081	118.704
187.082	77.810	2	1	1	185.039	103.081	118.704
186.086	77.722	2	1	1	152.434	103.081	118.704
185.090	77.635	2	1	1	134.630	103.081	118.704
184.094	77.548	2	1	1	123.473	103.081	118.704
183.098	77.460	2	1	1	122.138	103.081	118.704
182.102	77.373	2	1	1	129.909	103.081	118.704
181.105	77.286	2	1	1	128.296	103.081	118.704
180.109	77.198	2	1	1	125.874	103.081	118.704
179.113	77.111	2	1	1	123.875	103.081	118.704
178.117	77.023	2	1	1	128.077	103.081	118.704
177.121	76.936	2	1	1	128.512	103.081	118.704
176.125	76.849	2	1	1	124.712	103.081	118.704
175.128	76.761	2	1	1	127.451	103.081	118.704
174.137	76.627	2	1	1	124.151	103.081	118.704
173.148	76.485	2	1	1	125.621	103.081	118.704
172.158	76.344	2	1	1	120.364	103.081	118.704
171.168	76.203	2	1	1	120.520	103.081	118.704
170.178	76.061	2	1	1	125.514	103.081	118.704
169.188	75.920	2	1	1	125.412	103.081	118.704
168.198	75.778	2	1	1	121.723	103.081	118.704
167.208	75.637	2	1	1	123.688	103.081	118.704
166.218	75.495	2	1	1	120.059	103.081	118.704
165.228	75.354	2	1	1	119.832	103.081	118.704
164.238	75.213	2	1	1	115.030	103.081	118.704
163.248	75.071	2	1	1	121.559	103.081	118.704
162.258	74.930	2	1	1	114.714	103.081	118.704
161.268	74.788	2	1	1	119.733	103.081	118.704
160.278	74.647	2	1	1	115.684	103.081	118.704
159.288	74.505	2	1	1	116.242	103.081	118.704
158.314	74.729	2	1	1	115.612	103.081	118.704
157.342	74.966	2	1	1	117.003	103.081	118.704
156.371	75.204	2	1	1	118.012	103.081	118.704
155.399	75.441	2	1	1	117.009	103.081	118.704
154.428	75.679	2	1	1	122.102	103.081	118.704
153.457	75.916	2	1	1	124.156	103.081	118.704
152.485	76.154	2	1	1	127.900	103.081	118.704
151.514	76.391	2	1	1	123.575	103.081	118.704
150.542	76.629	2	1	1	122.211	103.081	118.704
149.571	76.866	2	1	1	126.551	103.081	118.704
148.600	77.103	2	1	1	122.793	103.081	118.704
147.646	77.404	2	1	1	121.741	103.081	118.704
146.728	77.801	2	1	1	131.745	103.081	118.704
145.811	78.199	2	1	1	126.702	103.081	118.704
144.893	78.596	2	1	1	124.642	103.081	118.704
143.975	78.994	2	1	1	127.041	103.081	118.704
143.058	79.392	2	1	1	132.723	103.081	118.704
142.140	79.789	2	1	1	146.330	103.081	118.704
141.223	80.187	2	1	1	149.622	103.081	118.704
140.305	80.584	2	1	1	166.208	103.081	118.704
139.388	80.982	2	1	1	166.667	103.081	118.704
138.470	81.380	2	1	1	169.717	103.081	118.704
137.553	81.777	2	1	1	177.765	103.081	118.704
136.635	82.175	2	1	1	182.665	103.081	118.704
135.717	82.572	2	1	1	185.609	103.081	118.704
134.800	82.970	2	1	1	193.777	103.081	118.704
133.882	83.368	2	1	1	206.405	103.081	118.704
132.966	83.768	2	1	1	202.916	103.081	118.704
132.080	84.232	2	1	1	185.011	103.081	118.704
131.195	84.697	2	1	1	174.843	103.081	118.704
130.309	85.162	2	1	1	162.391	103.081	118.704
129.424	85.626	2	1	1	162.566	103.081	118.704
128.538	86.091	2	1	1	150.462	103.081	118.704
127.653	86.555	2	1	1	147.962	103.081	118.704
126.767	87.020	2	1	1	149.783	103.081	118.704
125.881	87.484	2	1	1	163.759	103.081	118.704
124.996	87.949	2	1	1	176.651	103.081	118.704
124.110	88.413	2	1	1	178.874	103.081	118.704
123.225	88.878	2	1	1	160.464	103.081	118.704
122.339	89.343	2	1	1	143.692	103.081	118.704
121.454	89.807	2	1	1	125.408	103.081	118.704
120.568	90.272	2	1	1	128.503	103.081	118.704
119.683	90.736	2	1	1	125.814	103.081	118.704
118.797	91.201	2	1	1	127.551	103.081	118.704
117.912	91.665	2	1	1	124.931	103.081	118.704
117.233	92.400	2	1	1	122.851	103.081	118.704
116.610	93.182	2	1	1	126.673	103.081	118.704
115.987	93.965	2	1	1	131.668	103.081	118.704
115.365	94.747	2	1	1	126.758	103.081	118.704
114.742	95.529	2	1	1	123.728	103.081	118.704
114.119	96.312	2	1	1	123.071	103.081	118.704
113.496	97.094	2	1	1	122.900	103.081	118.704
112.874	97.877	2	1	1	120.729	103.081	118.704
112.251	98.659	2	1	1	124.647	103.081	118.704
111.628	99.442	2	1	1	120.169	103.081	118.704
111.005	100.224	2	1	1	129.398	103.081	118.704
110.383	101.006	2	1	1	126.124	103.081	118.704
109.760	101.789	2	1	1	131.501	103.081	118.704
109.137	102.571	2	1	1	127.314	103.081	118.704
108.514	103.354	2	1	1	130.838	103.081	118.704
107.901	104.143	2	1	1	129.471	103.081	118.704
107.333	104.967	2	1	1	145.615	103.081	118.704
106.766	105.790	2	1	1	168.175	103.081	118.704
106.198	106.613	2	1	1	191.167	103.081	118.704
105.630	107.436	2	1	1	201.951	103.081	118.704
105.062	108.259	2	1	1	195.436	103.081	118.704
104.495	109.083	2	1	1	186.111	103.081	118.704
103.927	109.906	2	1	1	161.176	103.081	118.704
103.359	110.729	2	1	1	156.375	103.081	118.704
102.791	111.552	2	1	1	174.859	103.081	118.704
102.224	112.376	2	1	1	198.957	103.081	118.704
101.656	113.199	2	1	1	210.325	103.081	118.704
101.088	114.022	2	1	1	219.127	103.081	118.704
100.521	114.845	2	1	1	196.575	103.081	118.704
99.953	115.668	2	1	1	161.853	103.081	118.704
99.385	116.492	2	1	1	140.561	103.081	118.704
98.817	117.315	2	1	1	129.932	103.081	118.704
98.250	118.138	2	1	1	126.137	103.081	118.704
97.732	118.994	2	1	1	123.179	103.081	118.704
97.256	119.873	2	1	1	129.130	103.081	118.704
96.780	120.753	2	1	1	134.782	103.081	118.704
96.304	121.632	2	1	1	156.362	103.081	118.704
95.827	122.511	2	1	1	171.807	103.081	118.704
95.351	123.390	2	1	1	175.933	103.081	118.704
94.875	124.270	2	1	1	174.300	103.081	118.704
94.398	125.149	2	1	1	165.746	103.081	118.704
93.922	126.028	2	1	1	156.719	103.081	118.704
93.446	126.908	2	1	1	147.984	103.081	118.704
92.970	127.787	2	1	1	132.048	103.081	118.704
92.493	128.666	2	1	1	125.768	103.081	118.704
92.017	129.545	2	1	1	128.713	103.081	118.704
91.541	130.425	2	1	1	124.784	103.081	118.704
91.194	131.363	2	1	1	133.385	103.081	118.704
90.859	132.305	2	1	1	140.849	103.081	118.704
90.525	133.247	2	1	1	151.004	103.081	118.704
90.191	134.190	2	1	1	172.867	103.081	118.704
89.856	135.132	2	1	1	207.546	103.081	118.704
89.522	136.075	2	1	1	222.744	103.081	118.704
89.187	137.017	2	1	1	218.344	103.081	118.704
88.853	137.960	2	1	1	199.080	103.081	118.704
88.519	138.902	2	1	1	190.376	103.081	118.704
88.184	139.844	2	1	1	184.116	103.081	118.704
87.850	140.787	2	1	1	209.137	103.081	118.704
87.515	141.729	2	1	1	220.899	103.081	118.704
87.181	142.672	2	1	1	219.112	103.081	118.704
86.847	143.614	2	1	1	217.014	103.081	118.704
86.512	144.557	2	1	1	191.254	103.081	118.704
86.178	145.499	2	1	1	178.185	103.081	118.704
