X	Y	C	Z	T	Intensity	BG	MX
83.750	153.500	1	1	1	240.852	101.830	123.148
83.685	154.498	1	1	1	236.178	101.830	123.148
83.620	155.496	1	1	1	244.333	101.830	123.148
83.555	156.494	1	1	1	244.868	101.830	123.148
83.490	157.492	1	1	1	236.523	101.830	123.148
83.425	158.489	1	1	1	232.125	101.830	123.148
83.360	159.487	1	1	1	228.580	101.830	123.148
83.294	160.485	1	1	1	233.650	101.830	123.148
83.229	161.483	1	1	1	244.841	101.830	123.148
83.164	162.481	1	1	1	245.272	101.830	123.148
83.099	163.479	1	1	1	249.949	101.830	123.148
83.034	164.477	1	1	1	253.157	101.830	123.148
83.167	165.468	1	1	1	244.017	101.830	123.148
83.502	166.410	1	1	1	240.711	101.830	123.148
83.837	167.352	1	1	1	237.945	101.830	123.148
84.173	168.294	1	1	1	237.567	101.830	123.148
84.508	169.236	1	1	1	242.910	101.830	123.148
84.843	170.178	1	1	1	234.406	101.830	123.148
85.178	171.120	1	1	1	248.109	101.830	123.148
85.514	172.063	1	1	1	246.236	101.830	123.148
85.849	173.005	1	1	1	245.192	101.830	123.148
86.184	173.947	1	1	1	232.495	101.830	123.148
86.507	174.893	1	1	1	230.241	101.830	123.148
86.628	175.886	1	1	1	221.332	101.830	123.148
86.749	176.879	1	1	1	227.300	101.830	123.148
86.870	177.871	1	1	1	225.080	101.830	123.148
86.992	178.864	1	1	1	214.132	101.830	123.148
87.113	179.856	1	1	1	209.386	101.830	123.148
87.234	180.849	1	1	1	218.996	101.830	123.148
87.355	181.842	1	1	1	224.346	101.830	123.148
87.476	182.834	1	1	1	217.197	101.830	123.148
87.597	183.827	1	1	1	209.909	101.830	123.148
87.718	184.820	1	1	1	216.468	101.830	123.148
87.839	185.812	1	1	1	232.769	101.830	123.148
87.960	186.805	1	1	1	231.097	101.830	123.148
88.081	187.798	1	1	1	225.795	101.830	123.148
88.178	188.793	1	1	1	224.277	101.830	123.148
88.218	189.792	1	1	1	246.785	101.830	123.148
88.258	190.791	1	1	1	244.920	101.830	123.148
88.298	191.790	1	1	1	231.999	101.830	123.148
88.338	192.790	1	1	1	236.890	101.830	123.148
88.378	193.789	1	1	1	222.637	101.830	123.148
88.418	194.788	1	1	1	238.548	101.830	123.148
88.458	195.787	1	1	1	239.819	101.830	123.148
88.498	196.786	1	1	1	239.279	101.830	123.148
88.531	197.786	1	1	1	242.140	101.830	123.148
88.563	198.785	1	1	1	238.173	101.830	123.148
88.595	199.785	1	1	1	234.480	101.830	123.148
88.627	200.784	1	1	1	221.986	101.830	123.148
88.660	201.784	1	1	1	215.710	101.830	123.148
88.692	202.783	1	1	1	211.137	101.830	123.148
88.724	203.783	1	1	1	216.577	101.830	123.148
88.756	204.782	1	1	1	222.077	101.830	123.148
88.789	205.782	1	1	1	214.691	101.830	123.148
88.821	206.781	1	1	1	223.731	101.830	123.148
88.893	207.779	1	1	1	223.832	101.830	123.148
88.989	208.774	1	1	1	238.651	101.830	123.148
89.085	209.769	1	1	1	223.949	101.830	123.148
89.182	210.765	1	1	1	235.024	101.830	123.148
89.278	211.760	1	1	1	241.283	101.830	123.148
89.374	212.755	1	1	1	227.707	101.830	123.148
89.471	213.751	1	1	1	222.049	101.830	123.148
89.567	214.746	1	1	1	230.715	101.830	123.148
89.663	215.742	1	1	1	216.917	101.830	123.148
89.759	216.737	1	1	1	233.174	101.830	123.148
89.754	217.737	1	1	1	239.759	101.830	123.148
89.438	218.686	1	1	1	238.196	101.830	123.148
89.122	219.634	1	1	1	249.777	101.830	123.148
88.806	220.583	1	1	1	237.314	101.830	123.148
88.489	221.532	1	1	1	245.386	101.830	123.148
88.173	222.480	1	1	1	249.459	101.830	123.148
87.857	223.429	1	1	1	255.481	101.830	123.148
87.541	224.378	1	1	1	250.639	101.830	123.148
87.225	225.326	1	1	1	241.738	101.830	123.148
87.120	226.321	1	1	1	237.264	101.830	123.148
87.063	227.319	1	1	1	229.583	101.830	123.148
87.006	228.318	1	1	1	223.655	101.830	123.148
86.949	229.316	1	1	1	216.425	101.830	123.148
86.892	230.314	1	1	1	227.606	101.830	123.148
86.835	231.313	1	1	1	219.846	101.830	123.148
86.777	232.311	1	1	1	218.256	101.830	123.148
86.720	233.309	1	1	1	220.994	101.830	123.148
86.663	234.308	1	1	1	231.303	101.830	123.148
86.606	235.306	1	1	1	229.412	101.830	123.148
86.549	236.305	1	1	1	222.214	101.830	123.148
86.512	237.304	1	1	1	222.536	101.830	123.148
86.603	238.300	1	1	1	235.386	101.830	123.148
86.694	239.296	1	1	1	234.796	101.830	123.148
86.784	240.292	1	1	1	234.901	101.830	123.148
86.875	241.287	1	1	1	241.361	101.830	123.148
86.965	242.283	1	1	1	232.654	101.830	123.148
87.056	243.279	1	1	1	236.126	101.830	123.148
87.146	244.275	1	1	1	236.482	101.830	123.148
87.574	245.179	1	1	1	241.466	101.830	123.148
88.089	246.036	1	1	1	252.856	101.830	123.148
88.603	246.894	1	1	1	258.487	101.830	123.148
89.118	247.751	1	1	1	264.391	101.830	123.148
89.632	248.609	1	1	1	244.806	101.830	123.148
90.147	249.466	1	1	1	242.328	101.830	123.148
90.661	250.324	1	1	1	245.533	101.830	123.148
91.176	251.181	1	1	1	247.189	101.830	123.148
91.690	252.039	1	1	1	242.451	101.830	123.148
92.205	252.896	1	1	1	241.457	101.830	123.148
92.719	253.754	1	1	1	230.812	101.830	123.148
93.263	254.593	1	1	1	223.137	101.830	123.148
93.980	255.290	1	1	1	227.140	101.830	123.148
94.697	255.987	1	1	1	234.275	101.830	123.148
95.414	256.684	1	1	1	242.709	101.830	123.148
96.132	257.380	1	1	1	231.649	101.830	123.148
96.849	258.077	1	1	1	236.023	101.830	123.148
97.566	258.774	1	1	1	239.553	101.830	123.148
98.284	259.471	1	1	1	250.637	101.830	123.148
99.001	260.168	1	1	1	248.733	101.830	123.148
99.718	260.864	1	1	1	246.749	101.830	123.148
100.435	261.561	1	1	1	247.202	101.830	123.148
101.153	262.258	1	1	1	242.518	101.830	123.148
101.870	262.955	1	1	1	242.439	101.830	123.148
102.587	263.651	1	1	1	247.746	101.830	123.148
103.305	264.348	1	1	1	240.304	101.830	123.148
104.022	265.045	1	1	1	237.141	101.830	123.148
104.739	265.742	1	1	1	232.280	101.830	123.148
105.460	266.435	1	1	1	226.449	101.830	123.148
106.181	267.127	1	1	1	224.753	101.830	123.148
106.903	267.820	1	1	1	211.588	101.830	123.148
107.624	268.512	1	1	1	219.256	101.830	123.148
108.345	269.205	1	1	1	213.254	101.830	123.148
109.067	269.898	1	1	1	217.383	101.830	123.148
109.788	270.590	1	1	1	231.920	101.830	123.148
110.510	271.283	1	1	1	237.879	101.830	123.148
111.231	271.975	1	1	1	243.815	101.830	123.148
111.952	272.668	1	1	1	254.992	101.830	123.148
112.674	273.360	1	1	1	244.050	101.830	123.148
113.341	274.105	1	1	1	239.742	101.830	123.148
113.880	274.948	1	1	1	243.026	101.830	123.148
114.419	275.790	1	1	1	232.436	101.830	123.148
114.958	276.632	1	1	1	231.626	101.830	123.148
115.497	277.474	1	1	1	233.499	101.830	123.148
116.036	278.317	1	1	1	230.463	101.830	123.148
116.575	279.159	1	1	1	228.755	101.830	123.148
117.114	280.001	1	1	1	228.157	101.830	123.148
117.653	280.844	1	1	1	222.154	101.830	123.148
118.192	281.686	1	1	1	239.704	101.830	123.148
118.738	282.524	1	1	1	246.706	101.830	123.148
119.293	283.356	1	1	1	259.704	101.830	123.148
119.847	284.188	1	1	1	275.173	101.830	123.148
120.402	285.020	1	1	1	278.944	101.830	123.148
120.957	285.852	1	1	1	266.869	101.830	123.148
121.512	286.684	1	1	1	255.878	101.830	123.148
122.066	287.516	1	1	1	252.660	101.830	123.148
122.621	288.348	1	1	1	248.215	101.830	123.148
123.176	289.180	1	1	1	244.213	101.830	123.148
123.730	290.012	1	1	1	254.323	101.830	123.148
124.393	290.761	1	1	1	253.872	101.830	123.148
125.079	291.488	1	1	1	249.342	101.830	123.148
125.765	292.216	1	1	1	245.550	101.830	123.148
126.451	292.943	1	1	1	248.245	101.830	123.148
127.137	293.671	1	1	1	245.054	101.830	123.148
127.823	294.399	1	1	1	250.862	101.830	123.148
128.509	295.126	1	1	1	237.347	101.830	123.148
129.195	295.854	1	1	1	232.629	101.830	123.148
129.882	296.581	1	1	1	228.014	101.830	123.148
130.568	297.309	1	1	1	231.741	101.830	123.148
131.254	298.037	1	1	1	236.330	101.830	123.148
131.940	298.764	1	1	1	235.361	101.830	123.148
132.626	299.492	1	1	1	242.225	101.830	123.148
133.312	300.219	1	1	1	230.681	101.830	123.148
133.998	300.947	1	1	1	230.964	101.830	123.148
134.684	301.675	1	1	1	236.902	101.830	123.148
135.268	302.486	1	1	1	231.189	101.830	123.148
135.823	303.318	1	1	1	219.476	101.830	123.148
136.378	304.150	1	1	1	218.300	101.830	123.148
136.932	304.982	1	1	1	219.108	101.830	123.148
137.487	305.814	1	1	1	216.289	101.830	123.148
138.042	306.646	1	1	1	216.797	101.830	123.148
138.596	307.478	1	1	1	205.344	101.830	123.148
139.151	308.310	1	1	1	210.574	101.830	123.148
139.706	309.142	1	1	1	201.885	101.830	123.148
140.261	309.974	1	1	1	206.753	101.830	123.148
140.815	310.806	1	1	1	200.865	101.830	123.148
141.370	311.638	1	1	1	199.167	101.830	123.148
141.925	312.470	1	1	1	201.956	101.830	123.148
142.479	313.302	1	1	1	217.374	101.830	123.148
143.034	314.134	1	1	1	215.892	101.830	123.148
143.589	314.967	1	1	1	222.030	101.830	123.148
144.144	315.799	1	1	1	225.738	101.830	123.148
144.698	316.631	1	1	1	230.834	101.830	123.148
145.253	317.463	1	1	1	233.284	101.830	123.148
145.808	318.295	1	1	1	239.439	101.830	123.148
146.362	319.127	1	1	1	248.926	101.830	123.148
146.917	319.959	1	1	1	245.658	101.830	123.148
147.472	320.791	1	1	1	244.259	101.830	123.148
148.026	321.623	1	1	1	249.951	101.830	123.148
148.581	322.455	1	1	1	285.575	101.830	123.148
149.407	323.019	1	1	1	285.655	101.830	123.148
150.358	323.328	1	1	1	289.922	101.830	123.148
151.309	323.636	1	1	1	294.587	101.830	123.148
152.260	323.945	1	1	1	262.683	101.830	123.148
153.212	324.253	1	1	1	268.988	101.830	123.148
154.163	324.562	1	1	1	251.224	101.830	123.148
155.114	324.870	1	1	1	246.517	101.830	123.148
156.065	325.179	1	1	1	243.634	101.830	123.148
157.016	325.487	1	1	1	236.795	101.830	123.148
157.968	325.796	1	1	1	228.832	101.830	123.148
158.919	326.104	1	1	1	215.737	101.830	123.148
159.870	326.413	1	1	1	214.578	101.830	123.148
160.821	326.721	1	1	1	208.499	101.830	123.148
161.806	326.897	1	1	1	211.648	101.830	123.148
162.801	326.997	1	1	1	203.810	101.830	123.148
163.796	327.096	1	1	1	205.751	101.830	123.148
164.791	327.196	1	1	1	211.520	101.830	123.148
165.786	327.295	1	1	1	215.973	101.830	123.148
166.781	327.395	1	1	1	214.577	101.830	123.148
167.776	327.494	1	1	1	218.481	101.830	123.148
168.771	327.594	1	1	1	212.577	101.830	123.148
169.766	327.693	1	1	1	212.379	101.830	123.148
170.761	327.793	1	1	1	219.186	101.830	123.148
171.756	327.892	1	1	1	215.348	101.830	123.148
172.751	327.992	1	1	1	217.045	101.830	123.148
173.746	328.091	1	1	1	231.664	101.830	123.148
174.741	328.191	1	1	1	219.136	101.830	123.148
175.736	328.290	1	1	1	222.968	101.830	123.148
176.731	328.390	1	1	1	213.975	101.830	123.148
177.726	328.489	1	1	1	221.449	101.830	123.148
178.721	328.589	1	1	1	214.992	101.830	123.148
179.716	328.688	1	1	1	206.139	101.830	123.148
180.711	328.788	1	1	1	206.178	101.830	123.148
181.703	328.921	1	1	1	210.673	101.830	123.148
182.690	329.082	1	1	1	217.381	101.830	123.148
183.676	329.243	1	1	1	204.253	101.830	123.148
184.663	329.404	1	1	1	201.472	101.830	123.148
185.650	329.565	1	1	1	207.318	101.830	123.148
186.637	329.727	1	1	1	212.315	101.830	123.148
187.624	329.888	1	1	1	220.473	101.830	123.148
188.611	330.049	1	1	1	216.565	101.830	123.148
189.598	330.210	1	1	1	222.490	101.830	123.148
190.585	330.371	1	1	1	221.566	101.830	123.148
191.572	330.532	1	1	1	217.051	101.830	123.148
192.559	330.693	1	1	1	223.191	101.830	123.148
193.546	330.854	1	1	1	228.640	101.830	123.148
194.533	331.016	1	1	1	216.031	101.830	123.148
195.520	331.177	1	1	1	221.383	101.830	123.148
196.507	331.338	1	1	1	229.455	101.830	123.148
197.494	331.499	1	1	1	233.473	101.830	123.148
198.489	331.593	1	1	1	239.495	101.830	123.148
199.485	331.687	1	1	1	231.981	101.830	123.148
200.480	331.781	1	1	1	228.094	101.830	123.148
201.476	331.875	1	1	1	230.154	101.830	123.148
202.471	331.969	1	1	1	237.108	101.830	123.148
203.467	332.063	1	1	1	233.560	101.830	123.148
204.463	332.157	1	1	1	236.803	101.830	123.148
205.458	332.251	1	1	1	237.374	101.830	123.148
206.454	332.345	1	1	1	232.462	101.830	123.148
207.449	332.439	1	1	1	233.089	101.830	123.148
208.445	332.533	1	1	1	234.889	101.830	123.148
209.440	332.626	1	1	1	233.338	101.830	123.148
210.436	332.720	1	1	1	235.272	101.830	123.148
211.436	332.714	1	1	1	248.936	101.830	123.148
212.435	332.661	1	1	1	247.923	101.830	123.148
213.433	332.609	1	1	1	244.537	101.830	123.148
214.432	332.556	1	1	1	252.017	101.830	123.148
215.430	332.504	1	1	1	241.359	101.830	123.148
216.429	332.451	1	1	1	235.081	101.830	123.148
217.428	332.399	1	1	1	238.193	101.830	123.148
218.426	332.346	1	1	1	240.964	101.830	123.148
219.425	332.293	1	1	1	244.236	101.830	123.148
220.424	332.241	1	1	1	248.246	101.830	123.148
221.422	332.188	1	1	1	243.838	101.830	123.148
222.421	332.136	1	1	1	226.202	101.830	123.148
223.419	332.083	1	1	1	228.409	101.830	123.148
224.418	332.031	1	1	1	235.178	101.830	123.148
225.415	331.948	1	1	1	218.219	101.830	123.148
226.407	331.824	1	1	1	217.933	101.830	123.148
227.399	331.700	1	1	1	221.146	101.830	123.148
228.391	331.576	1	1	1	213.515	101.830	123.148
229.384	331.452	1	1	1	212.924	101.830	123.148
230.376	331.328	1	1	1	214.223	101.830	123.148
231.372	331.239	1	1	1	221.270	101.830	123.148
232.372	331.210	1	1	1	222.757	101.830	123.148
233.371	331.180	1	1	1	226.141	101.830	123.148
234.371	331.151	1	1	1	230.054	101.830	123.148
235.370	331.121	1	1	1	228.364	101.830	123.148
236.370	331.092	1	1	1	229.100	101.830	123.148
237.369	331.063	1	1	1	241.225	101.830	123.148
238.369	331.033	1	1	1	248.553	101.830	123.148
239.369	331.004	1	1	1	246.382	101.830	123.148
240.354	330.833	1	1	1	239.317	101.830	123.148
241.335	330.642	1	1	1	237.298	101.830	123.148
242.317	330.450	1	1	1	235.976	101.830	123.148
243.298	330.259	1	1	1	228.685	101.830	123.148
244.280	330.067	1	1	1	216.186	101.830	123.148
245.261	329.876	1	1	1	220.465	101.830	123.148
246.243	329.684	1	1	1	207.854	101.830	123.148
247.224	329.493	1	1	1	208.132	101.830	123.148
248.206	329.301	1	1	1	214.403	101.830	123.148
249.187	329.110	1	1	1	210.234	101.830	123.148
250.092	328.684	1	1	1	222.729	101.830	123.148
250.827	328.006	1	1	1	227.810	101.830	123.148
251.562	327.328	1	1	1	220.706	101.830	123.148
252.297	326.649	1	1	1	227.673	101.830	123.148
253.031	325.971	1	1	1	229.888	101.830	123.148
253.766	325.293	1	1	1	222.713	101.830	123.148
254.501	324.614	1	1	1	214.052	101.830	123.148
255.236	323.936	1	1	1	202.561	101.830	123.148
255.971	323.258	1	1	1	221.163	101.830	123.148
256.551	322.444	1	1	1	192.390	101.830	123.148
257.028	321.564	1	1	1	203.563	101.830	123.148
257.504	320.685	1	1	1	208.768	101.830	123.148
257.980	319.806	1	1	1	205.075	101.830	123.148
258.456	318.927	1	1	1	213.290	101.830	123.148
258.933	318.047	1	1	1	228.933	101.830	123.148
259.409	317.168	1	1	1	224.134	101.830	123.148
259.824	316.258	1	1	1	239.413	101.830	123.148
260.225	315.342	1	1	1	235.516	101.830	123.148
260.626	314.426	1	1	1	218.480	101.830	123.148
261.027	313.510	1	1	1	221.984	101.830	123.148
261.428	312.594	1	1	1	212.563	101.830	123.148
261.829	311.678	1	1	1	195.454	101.830	123.148
262.229	310.761	1	1	1	200.735	101.830	123.148
262.630	309.845	1	1	1	201.091	101.830	123.148
263.061	308.943	1	1	1	215.922	101.830	123.148
263.794	308.263	1	1	1	220.457	101.830	123.148
264.527	307.582	1	1	1	215.346	101.830	123.148
265.260	306.902	1	1	1	212.076	101.830	123.148
265.993	306.221	1	1	1	231.939	101.830	123.148
266.725	305.541	1	1	1	222.921	101.830	123.148
267.458	304.860	1	1	1	235.794	101.830	123.148
268.191	304.180	1	1	1	220.096	101.830	123.148
268.924	303.499	1	1	1	225.262	101.830	123.148
269.657	302.819	1	1	1	220.585	101.830	123.148
270.434	302.190	1	1	1	217.252	101.830	123.148
271.248	301.609	1	1	1	222.763	101.830	123.148
272.061	301.028	1	1	1	236.909	101.830	123.148
272.875	300.446	1	1	1	220.935	101.830	123.148
273.689	299.865	1	1	1	235.508	101.830	123.148
274.503	299.284	1	1	1	239.289	101.830	123.148
275.314	298.699	1	1	1	242.965	101.830	123.148
276.092	298.071	1	1	1	254.831	101.830	123.148
276.870	297.442	1	1	1	265.792	101.830	123.148
277.648	296.814	1	1	1	285.409	101.830	123.148
278.426	296.186	1	1	1	276.099	101.830	123.148
279.204	295.558	1	1	1	274.308	101.830	123.148
279.982	294.930	1	1	1	254.499	101.830	123.148
280.760	294.302	1	1	1	254.956	101.830	123.148
281.539	293.674	1	1	1	239.933	101.830	123.148
282.353	293.093	1	1	1	239.657	101.830	123.148
283.283	292.726	1	1	1	233.109	101.830	123.148
284.213	292.359	1	1	1	235.246	101.830	123.148
285.143	291.992	1	1	1	243.105	101.830	123.148
286.073	291.625	1	1	1	238.155	101.830	123.148
287.004	291.257	1	1	1	235.690	101.830	123.148
287.934	290.890	1	1	1	240.183	101.830	123.148
288.864	290.523	1	1	1	244.603	101.830	123.148
289.794	290.156	1	1	1	241.386	101.830	123.148
290.724	289.789	1	1	1	255.759	101.830	123.148
291.654	289.422	1	1	1	234.280	101.830	123.148
292.585	289.054	1	1	1	233.955	101.830	123.148
293.515	288.687	1	1	1	232.364	101.830	123.148
294.445	288.320	1	1	1	226.576	101.830	123.148
295.363	287.924	1	1	1	215.322	101.830	123.148
296.273	287.509	1	1	1	231.163	101.830	123.148
297.182	287.093	1	1	1	236.922	101.830	123.148
298.092	286.677	1	1	1	239.011	101.830	123.148
299.001	286.261	1	1	1	250.516	101.830	123.148
299.911	285.846	1	1	1	232.216	101.830	123.148
300.820	285.430	1	1	1	216.195	101.830	123.148
301.730	285.014	1	1	1	204.679	101.830	123.148
302.639	284.598	1	1	1	214.019	101.830	123.148
303.548	284.183	1	1	1	215.674	101.830	123.148
304.458	283.767	1	1	1	212.894	101.830	123.148
305.367	283.351	1	1	1	206.887	101.830	123.148
306.277	282.935	1	1	1	220.332	101.830	123.148
307.112	282.386	1	1	1	228.215	101.830	123.148
307.920	281.796	1	1	1	218.006	101.830	123.148
308.727	281.206	1	1	1	228.002	101.830	123.148
309.535	280.616	1	1	1	228.247	101.830	123.148
310.342	280.026	1	1	1	232.931	101.830	123.148
311.149	279.436	1	1	1	240.887	101.830	123.148
311.957	278.846	1	1	1	242.342	101.830	123.148
312.764	278.256	1	1	1	249.468	101.830	123.148
313.572	277.666	1	1	1	268.410	101.830	123.148
314.379	277.076	1	1	1	283.462	101.830	123.148
315.182	276.480	1	1	1	274.948	101.830	123.148
315.782	275.680	1	1	1	279.767	101.830	123.148
316.382	274.880	1	1	1	263.256	101.830	123.148
316.982	274.080	1	1	1	257.207	101.830	123.148
317.582	273.280	1	1	1	260.103	101.830	123.148
318.182	272.480	1	1	1	245.624	101.830	123.148
318.782	271.680	1	1	1	232.776	101.830	123.148
319.382	270.880	1	1	1	231.661	101.830	123.148
319.982	270.080	1	1	1	223.456	101.830	123.148
320.582	269.280	1	1	1	218.712	101.830	123.148
321.182	268.480	1	1	1	222.677	101.830	123.148
321.782	267.680	1	1	1	224.915	101.830	123.148
322.353	266.859	1	1	1	225.912	101.830	123.148
322.872	266.004	1	1	1	232.185	101.830	123.148
323.391	265.150	1	1	1	230.358	101.830	123.148
323.910	264.295	1	1	1	228.008	101.830	123.148
324.429	263.440	1	1	1	229.730	101.830	123.148
324.948	262.585	1	1	1	229.071	101.830	123.148
325.467	261.730	1	1	1	233.405	101.830	123.148
325.986	260.876	1	1	1	246.998	101.830	123.148
326.505	260.021	1	1	1	247.825	101.830	123.148
327.024	259.166	1	1	1	241.550	101.830	123.148
327.543	258.311	1	1	1	242.300	101.830	123.148
327.888	257.372	1	1	1	254.793	101.830	123.148
328.004	256.379	1	1	1	244.181	101.830	123.148
328.121	255.386	1	1	1	231.458	101.830	123.148
328.238	254.393	1	1	1	229.399	101.830	123.148
328.355	253.400	1	1	1	226.737	101.830	123.148
328.472	252.407	1	1	1	224.322	101.830	123.148
328.589	251.413	1	1	1	233.780	101.830	123.148
328.705	250.420	1	1	1	223.917	101.830	123.148
328.822	249.427	1	1	1	233.609	101.830	123.148
328.857	248.428	1	1	1	240.086	101.830	123.148
328.883	247.428	1	1	1	230.594	101.830	123.148
328.910	246.428	1	1	1	228.136	101.830	123.148
328.936	245.429	1	1	1	233.824	101.830	123.148
328.962	244.429	1	1	1	225.613	101.830	123.148
328.989	243.430	1	1	1	210.309	101.830	123.148
329.015	242.430	1	1	1	205.892	101.830	123.148
329.041	241.430	1	1	1	205.893	101.830	123.148
329.068	240.431	1	1	1	210.803	101.830	123.148
329.094	239.431	1	1	1	211.169	101.830	123.148
329.120	238.431	1	1	1	207.751	101.830	123.148
329.147	237.432	1	1	1	214.201	101.830	123.148
329.164	236.432	1	1	1	204.207	101.830	123.148
329.155	235.432	1	1	1	201.635	101.830	123.148
329.146	234.432	1	1	1	202.151	101.830	123.148
329.136	233.432	1	1	1	198.016	101.830	123.148
329.127	232.432	1	1	1	201.143	101.830	123.148
329.117	231.432	1	1	1	212.577	101.830	123.148
329.108	230.432	1	1	1	205.972	101.830	123.148
329.098	229.432	1	1	1	216.317	101.830	123.148
329.089	228.432	1	1	1	225.873	101.830	123.148
329.080	227.432	1	1	1	234.086	101.830	123.148
329.070	226.432	1	1	1	227.629	101.830	123.148
329.061	225.432	1	1	1	219.492	101.830	123.148
329.051	224.432	1	1	1	225.653	101.830	123.148
329.042	223.432	1	1	1	227.617	101.830	123.148
329.032	222.432	1	1	1	236.802	101.830	123.148
329.023	221.432	1	1	1	240.745	101.830	123.148
329.014	220.432	1	1	1	234.688	101.830	123.148
329.004	219.432	1	1	1	231.412	101.830	123.148
328.956	218.434	1	1	1	215.727	101.830	123.148
328.877	217.437	1	1	1	217.788	101.830	123.148
328.799	216.440	1	1	1	220.177	101.830	123.148
328.721	215.443	1	1	1	219.656	101.830	123.148
328.643	214.446	1	1	1	222.195	101.830	123.148
328.565	213.449	1	1	1	223.894	101.830	123.148
328.486	212.452	1	1	1	235.527	101.830	123.148
328.408	211.455	1	1	1	246.834	101.830	123.148
328.330	210.458	1	1	1	244.075	101.830	123.148
328.252	209.461	1	1	1	247.129	101.830	123.148
328.174	208.464	1	1	1	243.543	101.830	123.148
328.095	207.467	1	1	1	234.072	101.830	123.148
328.017	206.470	1	1	1	226.711	101.830	123.148
327.761	205.504	1	1	1	216.580	101.830	123.148
327.456	204.551	1	1	1	207.973	101.830	123.148
327.152	203.599	1	1	1	209.109	101.830	123.148
326.847	202.646	1	1	1	209.378	101.830	123.148
326.542	201.694	1	1	1	220.994	101.830	123.148
326.237	200.742	1	1	1	225.182	101.830	123.148
325.933	199.789	1	1	1	214.819	101.830	123.148
325.628	198.837	1	1	1	229.251	101.830	123.148
325.323	197.884	1	1	1	227.256	101.830	123.148
325.018	196.932	1	1	1	247.315	101.830	123.148
324.713	195.980	1	1	1	250.532	101.830	123.148
324.409	195.027	1	1	1	254.195	101.830	123.148
324.104	194.075	1	1	1	258.067	101.830	123.148
323.711	193.155	1	1	1	277.874	101.830	123.148
323.274	192.256	1	1	1	294.904	101.830	123.148
322.837	191.356	1	1	1	289.877	101.830	123.148
322.400	190.457	1	1	1	289.125	101.830	123.148
321.963	189.557	1	1	1	273.488	101.830	123.148
321.527	188.658	1	1	1	267.949	101.830	123.148
321.090	187.758	1	1	1	246.041	101.830	123.148
320.653	186.859	1	1	1	232.765	101.830	123.148
320.216	185.959	1	1	1	229.482	101.830	123.148
319.779	185.059	1	1	1	240.774	101.830	123.148
319.189	184.252	1	1	1	236.852	101.830	123.148
318.589	183.452	1	1	1	243.863	101.830	123.148
317.989	182.652	1	1	1	247.554	101.830	123.148
317.389	181.852	1	1	1	268.639	101.830	123.148
316.789	181.052	1	1	1	261.016	101.830	123.148
316.189	180.252	1	1	1	265.046	101.830	123.148
316.567	179.326	1	1	1	249.261	101.830	123.148
317.211	178.561	1	1	1	241.899	101.830	123.148
317.856	177.797	1	1	1	243.517	101.830	123.148
318.500	177.032	1	1	1	241.721	101.830	123.148
319.144	176.267	1	1	1	240.888	101.830	123.148
319.788	175.502	1	1	1	224.623	101.830	123.148
320.432	174.737	1	1	1	221.802	101.830	123.148
321.076	173.972	1	1	1	225.265	101.830	123.148
321.720	173.207	1	1	1	225.902	101.830	123.148
322.365	172.442	1	1	1	222.555	101.830	123.148
323.009	171.677	1	1	1	236.240	101.830	123.148
323.653	170.912	1	1	1	234.236	101.830	123.148
323.861	169.934	1	1	1	232.258	101.830	123.148
323.623	168.963	1	1	1	227.548	101.830	123.148
323.385	167.992	1	1	1	216.606	101.830	123.148
323.147	167.021	1	1	1	212.511	101.830	123.148
322.908	166.049	1	1	1	230.532	101.830	123.148
322.670	165.078	1	1	1	262.860	101.830	123.148
322.432	164.107	1	1	1	277.941	101.830	123.148
322.194	163.136	1	1	1	276.877	101.830	123.148
321.955	162.165	1	1	1	283.538	101.830	123.148
321.717	161.193	1	1	1	289.935	101.830	123.148
321.479	160.222	1	1	1	320.825	101.830	123.148
321.241	159.251	1	1	1	339.265	101.830	123.148
321.003	158.280	1	1	1	331.253	101.830	123.148
320.764	157.309	1	1	1	334.177	101.830	123.148
320.161	156.511	1	1	1	319.706	101.830	123.148
319.538	155.729	1	1	1	302.423	101.830	123.148
318.914	154.947	1	1	1	295.739	101.830	123.148
318.291	154.165	1	1	1	271.475	101.830	123.148
317.668	153.383	1	1	1	256.417	101.830	123.148
317.044	152.601	1	1	1	233.422	101.830	123.148
316.421	151.819	1	1	1	228.176	101.830	123.148
315.798	151.037	1	1	1	206.008	101.830	123.148
315.174	150.255	1	1	1	203.734	101.830	123.148
314.551	149.473	1	1	1	213.307	101.830	123.148
313.928	148.691	1	1	1	215.486	101.830	123.148
313.305	147.909	1	1	1	214.743	101.830	123.148
312.681	147.127	1	1	1	216.672	101.830	123.148
312.058	146.345	1	1	1	211.536	101.830	123.148
311.435	145.563	1	1	1	215.475	101.830	123.148
310.811	144.781	1	1	1	226.583	101.830	123.148
310.188	143.999	1	1	1	217.650	101.830	123.148
309.565	143.218	1	1	1	220.190	101.830	123.148
308.941	142.436	1	1	1	220.010	101.830	123.148
308.318	141.654	1	1	1	228.424	101.830	123.148
307.695	140.872	1	1	1	230.843	101.830	123.148
307.071	140.090	1	1	1	224.978	101.830	123.148
306.373	139.373	1	1	1	224.806	101.830	123.148
305.666	138.666	1	1	1	238.844	101.830	123.148
304.959	137.959	1	1	1	234.439	101.830	123.148
304.252	137.252	1	1	1	250.534	101.830	123.148
303.545	136.545	1	1	1	235.426	101.830	123.148
302.838	135.838	1	1	1	247.358	101.830	123.148
302.131	135.131	1	1	1	258.543	101.830	123.148
301.424	134.424	1	1	1	245.082	101.830	123.148
300.717	133.717	1	1	1	252.559	101.830	123.148
300.010	133.010	1	1	1	244.565	101.830	123.148
299.302	132.302	1	1	1	230.492	101.830	123.148
298.595	131.595	1	1	1	227.481	101.830	123.148
297.888	130.888	1	1	1	225.391	101.830	123.148
297.181	130.181	1	1	1	219.259	101.830	123.148
296.466	129.482	1	1	1	213.460	101.830	123.148
295.587	129.006	1	1	1	212.846	101.830	123.148
294.707	128.531	1	1	1	213.570	101.830	123.148
293.827	128.055	1	1	1	219.285	101.830	123.148
292.947	127.580	1	1	1	234.516	101.830	123.148
292.068	127.104	1	1	1	232.401	101.830	123.148
291.188	126.629	1	1	1	232.423	101.830	123.148
290.308	126.153	1	1	1	232.108	101.830	123.148
289.429	125.678	1	1	1	222.983	101.830	123.148
288.549	125.202	1	1	1	242.049	101.830	123.148
287.669	124.727	1	1	1	244.191	101.830	123.148
286.790	124.251	1	1	1	255.790	101.830	123.148
285.910	123.776	1	1	1	241.542	101.830	123.148
285.030	123.300	1	1	1	265.749	101.830	123.148
284.150	122.824	1	1	1	263.774	101.830	123.148
283.273	122.344	1	1	1	260.716	101.830	123.148
282.396	121.864	1	1	1	276.267	101.830	123.148
281.519	121.384	1	1	1	276.995	101.830	123.148
280.642	120.903	1	1	1	296.492	101.830	123.148
279.765	120.423	1	1	1	306.525	101.830	123.148
278.888	119.943	1	1	1	297.041	101.830	123.148
278.011	119.462	1	1	1	270.940	101.830	123.148
277.134	118.982	1	1	1	257.249	101.830	123.148
276.257	118.502	1	1	1	266.241	101.830	123.148
275.379	118.021	1	1	1	280.102	101.830	123.148
274.502	117.541	1	1	1	267.473	101.830	123.148
273.625	117.061	1	1	1	254.751	101.830	123.148
272.748	116.580	1	1	1	264.010	101.830	123.148
271.871	116.100	1	1	1	260.473	101.830	123.148
270.994	115.620	1	1	1	250.106	101.830	123.148
270.108	115.156	1	1	1	245.178	101.830	123.148
269.124	114.977	1	1	1	242.476	101.830	123.148
268.140	114.798	1	1	1	234.314	101.830	123.148
267.156	114.619	1	1	1	231.879	101.830	123.148
266.173	114.440	1	1	1	235.074	101.830	123.148
265.189	114.262	1	1	1	240.656	101.830	123.148
264.205	114.083	1	1	1	234.065	101.830	123.148
263.221	113.904	1	1	1	242.249	101.830	123.148
262.289	113.542	1	1	1	232.389	101.830	123.148
261.407	113.070	1	1	1	228.858	101.830	123.148
260.525	112.599	1	1	1	219.367	101.830	123.148
259.643	112.127	1	1	1	215.137	101.830	123.148
258.762	111.655	1	1	1	216.843	101.830	123.148
257.880	111.184	1	1	1	222.687	101.830	123.148
256.998	110.712	1	1	1	228.244	101.830	123.148
256.116	110.240	1	1	1	224.180	101.830	123.148
255.234	109.769	1	1	1	237.173	101.830	123.148
254.353	109.297	1	1	1	249.856	101.830	123.148
253.471	108.825	1	1	1	259.577	101.830	123.148
252.589	108.354	1	1	1	237.115	101.830	123.148
251.707	107.882	1	1	1	221.283	101.830	123.148
250.825	107.411	1	1	1	206.540	101.830	123.148
249.944	106.939	1	1	1	203.692	101.830	123.148
249.062	106.467	1	1	1	212.240	101.830	123.148
248.196	105.967	1	1	1	203.584	101.830	123.148
247.359	105.419	1	1	1	214.862	101.830	123.148
246.523	104.871	1	1	1	218.446	101.830	123.148
245.686	104.323	1	1	1	219.475	101.830	123.148
244.850	103.775	1	1	1	229.119	101.830	123.148
244.013	103.227	1	1	1	225.539	101.830	123.148
243.177	102.679	1	1	1	210.627	101.830	123.148
242.341	102.131	1	1	1	203.480	101.830	123.148
241.504	101.583	1	1	1	214.602	101.830	123.148
240.668	101.035	1	1	1	226.772	101.830	123.148
239.831	100.487	1	1	1	223.438	101.830	123.148
238.995	99.939	1	1	1	223.454	101.830	123.148
238.102	99.488	1	1	1	228.373	101.830	123.148
237.198	99.061	1	1	1	245.354	101.830	123.148
236.294	98.634	1	1	1	233.781	101.830	123.148
235.390	98.207	1	1	1	234.874	101.830	123.148
234.485	97.780	1	1	1	248.909	101.830	123.148
233.581	97.352	1	1	1	240.775	101.830	123.148
232.677	96.925	1	1	1	246.315	101.830	123.148
231.773	96.498	1	1	1	267.606	101.830	123.148
230.869	96.071	1	1	1	272.041	101.830	123.148
229.964	95.644	1	1	1	245.479	101.830	123.148
229.060	95.217	1	1	1	254.299	101.830	123.148
228.156	94.790	1	1	1	239.960	101.830	123.148
227.252	94.363	1	1	1	240.969	101.830	123.148
226.348	93.936	1	1	1	231.540	101.830	123.148
225.443	93.508	1	1	1	213.053	101.830	123.148
224.539	93.081	1	1	1	218.941	101.830	123.148
223.635	92.654	1	1	1	229.724	101.830	123.148
222.731	92.227	1	1	1	242.994	101.830	123.148
221.866	91.725	1	1	1	238.845	101.830	123.148
221.054	91.141	1	1	1	233.845	101.830	123.148
220.242	90.558	1	1	1	233.567	101.830	123.148
219.429	89.975	1	1	1	221.628	101.830	123.148
218.617	89.392	1	1	1	233.588	101.830	123.148
217.805	88.809	1	1	1	215.924	101.830	123.148
216.992	88.225	1	1	1	233.069	101.830	123.148
216.180	87.642	1	1	1	231.443	101.830	123.148
215.368	87.059	1	1	1	220.309	101.830	123.148
214.555	86.476	1	1	1	210.417	101.830	123.148
213.743	85.892	1	1	1	211.490	101.830	123.148
212.931	85.309	1	1	1	208.282	101.830	123.148
212.025	84.886	1	1	1	210.054	101.830	123.148
211.052	84.654	1	1	1	216.331	101.830	123.148
210.079	84.421	1	1	1	227.875	101.830	123.148
209.107	84.189	1	1	1	231.124	101.830	123.148
208.134	83.956	1	1	1	227.526	101.830	123.148
207.162	83.723	1	1	1	217.532	101.830	123.148
206.189	83.491	1	1	1	219.667	101.830	123.148
205.217	83.258	1	1	1	217.511	101.830	123.148
204.244	83.026	1	1	1	203.499	101.830	123.148
203.271	82.793	1	1	1	202.751	101.830	123.148
202.299	82.561	1	1	1	205.500	101.830	123.148
201.326	82.328	1	1	1	214.979	101.830	123.148
200.374	82.023	1	1	1	207.561	101.830	123.148
199.433	81.683	1	1	1	211.872	101.830	123.148
198.493	81.343	1	1	1	210.984	101.830	123.148
197.553	81.003	1	1	1	219.129	101.830	123.148
196.612	80.663	1	1	1	214.331	101.830	123.148
195.672	80.323	1	1	1	220.388	101.830	123.148
194.731	79.983	1	1	1	229.185	101.830	123.148
193.791	79.643	1	1	1	236.625	101.830	123.148
192.851	79.302	1	1	1	241.309	101.830	123.148
191.910	78.962	1	1	1	271.779	101.830	123.148
190.970	78.622	1	1	1	279.437	101.830	123.148
190.030	78.282	1	1	1	284.052	101.830	123.148
189.075	77.985	1	1	1	285.730	101.830	123.148
188.079	77.897	1	1	1	285.523	101.830	123.148
187.082	77.810	1	1	1	270.003	101.830	123.148
186.086	77.722	1	1	1	264.633	101.830	123.148
185.090	77.635	1	1	1	272.970	101.830	123.148
184.094	77.548	1	1	1	263.394	101.830	123.148
183.098	77.460	1	1	1	249.565	101.830	123.148
182.102	77.373	1	1	1	269.274	101.830	123.148
181.105	77.286	1	1	1	247.515	101.830	123.148
180.109	77.198	1	1	1	257.788	101.830	123.148
179.113	77.111	1	1	1	257.225	101.830	123.148
178.117	77.023	1	1	1	261.721	101.830	123.148
177.121	76.936	1	1	1	273.563	101.830	123.148
176.125	76.849	1	1	1	265.681	101.830	123.148
175.128	76.761	1	1	1	259.965	101.830	123.148
174.137	76.627	1	1	1	279.766	101.830	123.148
173.148	76.485	1	1	1	283.846	101.830	123.148
172.158	76.344	1	1	1	261.592	101.830	123.148
171.168	76.203	1	1	1	252.956	101.830	123.148
170.178	76.061	1	1	1	247.269	101.830	123.148
169.188	75.920	1	1	1	237.955	101.830	123.148
168.198	75.778	1	1	1	240.821	101.830	123.148
167.208	75.637	1	1	1	240.196	101.830	123.148
166.218	75.495	1	1	1	239.153	101.830	123.148
165.228	75.354	1	1	1	218.547	101.830	123.148
164.238	75.213	1	1	1	226.834	101.830	123.148
163.248	75.071	1	1	1	237.589	101.830	123.148
162.258	74.930	1	1	1	243.486	101.830	123.148
161.268	74.788	1	1	1	259.112	101.830	123.148
160.278	74.647	1	1	1	266.049	101.830	123.148
159.288	74.505	1	1	1	267.463	101.830	123.148
158.314	74.729	1	1	1	285.437	101.830	123.148
157.342	74.966	1	1	1	291.453	101.830	123.148
156.371	75.204	1	1	1	278.194	101.830	123.148
155.399	75.441	1	1	1	273.450	101.830	123.148
154.428	75.679	1	1	1	275.223	101.830	123.148
153.457	75.916	1	1	1	263.493	101.830	123.148
152.485	76.154	1	1	1	243.285	101.830	123.148
151.514	76.391	1	1	1	236.310	101.830	123.148
150.542	76.629	1	1	1	236.936	101.830	123.148
149.571	76.866	1	1	1	243.585	101.830	123.148
148.600	77.103	1	1	1	227.267	101.830	123.148
147.646	77.404	1	1	1	220.976	101.830	123.148
146.728	77.801	1	1	1	221.814	101.830	123.148
145.811	78.199	1	1	1	226.680	101.830	123.148
144.893	78.596	1	1	1	206.995	101.830	123.148
143.975	78.994	1	1	1	208.801	101.830	123.148
143.058	79.392	1	1	1	199.472	101.830	123.148
142.140	79.789	1	1	1	209.594	101.830	123.148
141.223	80.187	1	1	1	234.971	101.830	123.148
140.305	80.584	1	1	1	239.525	101.830	123.148
139.388	80.982	1	1	1	228.395	101.830	123.148
138.470	81.380	1	1	1	234.556	101.830	123.148
137.553	81.777	1	1	1	232.294	101.830	123.148
136.635	82.175	1	1	1	221.353	101.830	123.148
135.717	82.572	1	1	1	213.962	101.830	123.148
134.800	82.970	1	1	1	208.493	101.830	123.148
133.882	83.368	1	1	1	221.480	101.830	123.148
132.966	83.768	1	1	1	214.566	101.830	123.148
132.080	84.232	1	1	1	209.438	101.830	123.148
131.195	84.697	1	1	1	215.735	101.830	123.148
130.309	85.162	1	1	1	209.935	101.830	123.148
129.424	85.626	1	1	1	231.876	101.830	123.148
128.538	86.091	1	1	1	232.601	101.830	123.148
127.653	86.555	1	1	1	245.643	101.830	123.148
126.767	87.020	1	1	1	245.010	101.830	123.148
125.881	87.484	1	1	1	250.352	101.830	123.148
124.996	87.949	1	1	1	253.612	101.830	123.148
124.110	88.413	1	1	1	256.444	101.830	123.148
123.225	88.878	1	1	1	266.067	101.830	123.148
122.339	89.343	1	1	1	261.970	101.830	123.148
121.454	89.807	1	1	1	267.975	101.830	123.148
120.568	90.272	1	1	1	255.193	101.830	123.148
119.683	90.736	1	1	1	250.698	101.830	123.148
118.797	91.201	1	1	1	243.461	101.830	123.148
117.912	91.665	1	1	1	222.951	101.830	123.148
117.233	92.400	1	1	1	204.060	101.830	123.148
116.610	93.182	1	1	1	206.968	101.830	123.148
115.987	93.965	1	1	1	214.351	101.830	123.148
115.365	94.747	1	1	1	229.248	101.830	123.148
114.742	95.529	1	1	1	223.659	101.830	123.148
114.119	96.312	1	1	1	245.068	101.830	123.148
113.496	97.094	1	1	1	240.081	101.830	123.148
112.874	97.877	1	1	1	230.862	101.830	123.148
112.251	98.659	1	1	1	235.115	101.830	123.148
111.628	99.442	1	1	1	244.737	101.830	123.148
111.005	100.224	1	1	1	242.820	101.830	123.148
110.383	101.006	1	1	1	252.349	101.830	123.148
109.760	101.789	1	1	1	250.866	101.830	123.148
109.137	102.571	1	1	1	270.057	101.830	123.148
108.514	103.354	1	1	1	290.180	101.830	123.148
107.901	104.143	1	1	1	292.072	101.830	123.148
107.333	104.967	1	1	1	292.104	101.830	123.148
106.766	105.790	1	1	1	287.579	101.830	123.148
106.198	106.613	1	1	1	274.139	101.830	123.148
105.630	107.436	1	1	1	255.208	101.830	123.148
105.062	108.259	1	1	1	253.454	101.830	123.148
104.495	109.083	1	1	1	245.161	101.830	123.148
103.927	109.906	1	1	1	241.135	101.830	123.148
103.359	110.729	1	1	1	242.168	101.830	123.148
102.791	111.552	1	1	1	233.890	101.830	123.148
102.224	112.376	1	1	1	242.363	101.830	123.148
101.656	113.199	1	1	1	246.401	101.830	123.148
101.088	114.022	1	1	1	249.232	101.830	123.148
100.521	114.845	1	1	1	259.327	101.830	123.148
99.953	115.668	1	1	1	252.419	101.830	123.148
99.385	116.492	1	1	1	243.321	101.830	123.148
98.817	117.315	1	1	1	230.800	101.830	123.148
98.250	118.138	1	1	1	236.831	101.830	123.148
97.732	118.994	1	1	1	234.451	101.830	123.148
97.256	119.873	1	1	1	235.412	101.830	123.148
96.780	120.753	1	1	1	234.928	101.830	123.148
96.304	121.632	1	1	1	235.645	101.830	123.148
95.827	122.511	1	1	1	241.344	101.830	123.148
95.351	123.390	1	1	1	250.465	101.830	123.148
94.875	124.270	1	1	1	255.533	101.830	123.148
94.398	125.149	1	1	1	250.221	101.830	123.148
93.922	126.028	1	1	1	247.916	101.830	123.148
93.446	126.908	1	1	1	264.144	101.830	123.148
92.970	127.787	1	1	1	254.922	101.830	123.148
92.493	128.666	1	1	1	265.410	101.830	123.148
92.017	129.545	1	1	1	280.510	101.830	123.148
91.541	130.425	1	1	1	280.731	101.830	123.148
91.194	131.363	1	1	1	292.215	101.830	123.148
90.859	132.305	1	1	1	292.340	101.830	123.148
90.525	133.247	1	1	1	299.820	101.830	123.148
90.191	134.190	1	1	1	287.850	101.830	123.148
89.856	135.132	1	1	1	280.537	101.830	123.148
89.522	136.075	1	1	1	257.304	101.830	123.148
89.187	137.017	1	1	1	246.344	101.830	123.148
88.853	137.960	1	1	1	240.964	101.830	123.148
88.519	138.902	1	1	1	232.417	101.830	123.148
88.184	139.844	1	1	1	226.741	101.830	123.148
87.850	140.787	1	1	1	225.431	101.830	123.148
87.515	141.729	1	1	1	225.042	101.830	123.148
87.181	142.672	1	1	1	214.115	101.830	123.148
86.847	143.614	1	1	1	230.879	101.830	123.148
86.512	144.557	1	1	1	228.636	101.830	123.148
86.178	145.499	1	1	1	223.383	101.830	123.148
