X	Y	C	Z	T	Intensity	BG	MX
82.833	114.500	3	1	1	156.435	106.419	399.194
82.219	115.289	3	1	1	156.163	106.419	399.194
81.605	116.079	3	1	1	154.083	106.419	399.194
80.992	116.868	3	1	1	155.753	106.419	399.194
80.378	117.657	3	1	1	157.948	106.419	399.194
79.764	118.447	3	1	1	162.526	106.419	399.194
79.150	119.236	3	1	1	168.489	106.419	399.194
78.536	120.025	3	1	1	153.486	106.419	399.194
77.922	120.815	3	1	1	156.054	106.419	399.194
77.308	121.604	3	1	1	145.999	106.419	399.194
76.694	122.394	3	1	1	153.344	106.419	399.194
76.080	123.183	3	1	1	156.169	106.419	399.194
75.466	123.972	3	1	1	148.050	106.419	399.194
74.852	124.762	3	1	1	153.445	106.419	399.194
74.238	125.551	3	1	1	154.737	106.419	399.194
73.624	126.340	3	1	1	145.384	106.419	399.194
73.120	127.204	3	1	1	143.822	106.419	399.194
72.644	128.083	3	1	1	140.661	106.419	399.194
72.169	128.963	3	1	1	145.431	106.419	399.194
71.693	129.843	3	1	1	141.986	106.419	399.194
71.218	130.722	3	1	1	142.285	106.419	399.194
70.742	131.602	3	1	1	143.243	106.419	399.194
70.267	132.482	3	1	1	144.672	106.419	399.194
69.791	133.362	3	1	1	148.947	106.419	399.194
69.316	134.241	3	1	1	139.542	106.419	399.194
68.840	135.121	3	1	1	140.916	106.419	399.194
68.364	136.001	3	1	1	143.796	106.419	399.194
67.889	136.880	3	1	1	142.578	106.419	399.194
67.413	137.760	3	1	1	142.144	106.419	399.194
66.938	138.640	3	1	1	140.812	106.419	399.194
66.420	139.495	3	1	1	138.356	106.419	399.194
65.890	140.343	3	1	1	138.300	106.419	399.194
65.360	141.191	3	1	1	138.909	106.419	399.194
64.830	142.039	3	1	1	143.094	106.419	399.194
64.300	142.887	3	1	1	133.055	106.419	399.194
63.770	143.735	3	1	1	133.942	106.419	399.194
63.240	144.583	3	1	1	138.254	106.419	399.194
62.710	145.431	3	1	1	133.287	106.419	399.194
62.180	146.279	3	1	1	131.906	106.419	399.194
61.650	147.127	3	1	1	130.361	106.419	399.194
61.120	147.975	3	1	1	128.263	106.419	399.194
60.590	148.823	3	1	1	129.088	106.419	399.194
60.120	149.706	3	1	1	132.018	106.419	399.194
59.897	150.680	3	1	1	132.912	106.419	399.194
59.674	151.655	3	1	1	130.483	106.419	399.194
59.451	152.630	3	1	1	126.621	106.419	399.194
59.228	153.605	3	1	1	127.799	106.419	399.194
59.005	154.580	3	1	1	128.717	106.419	399.194
58.782	155.555	3	1	1	125.534	106.419	399.194
58.559	156.529	3	1	1	125.235	106.419	399.194
58.336	157.504	3	1	1	126.564	106.419	399.194
58.113	158.479	3	1	1	121.940	106.419	399.194
57.890	159.454	3	1	1	118.823	106.419	399.194
57.667	160.429	3	1	1	121.031	106.419	399.194
57.444	161.404	3	1	1	125.832	106.419	399.194
57.271	162.389	3	1	1	121.613	106.419	399.194
57.422	163.377	3	1	1	119.723	106.419	399.194
57.572	164.366	3	1	1	121.047	106.419	399.194
57.723	165.354	3	1	1	117.689	106.419	399.194
57.873	166.343	3	1	1	117.262	106.419	399.194
58.024	167.331	3	1	1	121.779	106.419	399.194
58.175	168.320	3	1	1	119.684	106.419	399.194
58.325	169.309	3	1	1	118.202	106.419	399.194
58.476	170.297	3	1	1	120.726	106.419	399.194
58.626	171.286	3	1	1	120.621	106.419	399.194
58.777	172.274	3	1	1	114.041	106.419	399.194
58.927	173.263	3	1	1	117.882	106.419	399.194
59.078	174.252	3	1	1	117.751	106.419	399.194
59.323	175.221	3	1	1	117.204	106.419	399.194
59.698	176.148	3	1	1	121.514	106.419	399.194
60.073	177.075	3	1	1	122.066	106.419	399.194
60.448	178.002	3	1	1	115.187	106.419	399.194
60.823	178.930	3	1	1	121.366	106.419	399.194
61.197	179.857	3	1	1	121.116	106.419	399.194
61.572	180.784	3	1	1	117.658	106.419	399.194
61.947	181.711	3	1	1	116.320	106.419	399.194
62.322	182.638	3	1	1	120.765	106.419	399.194
62.697	183.565	3	1	1	120.646	106.419	399.194
63.071	184.492	3	1	1	114.155	106.419	399.194
63.446	185.419	3	1	1	113.316	106.419	399.194
63.821	186.346	3	1	1	114.963	106.419	399.194
64.196	187.274	3	1	1	115.241	106.419	399.194
64.570	188.201	3	1	1	113.904	106.419	399.194
64.945	189.128	3	1	1	114.616	106.419	399.194
65.320	190.055	3	1	1	114.943	106.419	399.194
65.669	190.992	3	1	1	115.378	106.419	399.194
65.993	191.938	3	1	1	116.842	106.419	399.194
66.317	192.884	3	1	1	119.860	106.419	399.194
66.642	193.830	3	1	1	115.953	106.419	399.194
66.966	194.776	3	1	1	116.176	106.419	399.194
67.290	195.722	3	1	1	120.643	106.419	399.194
67.615	196.668	3	1	1	114.593	106.419	399.194
67.939	197.614	3	1	1	112.734	106.419	399.194
68.263	198.560	3	1	1	116.369	106.419	399.194
68.588	199.506	3	1	1	119.405	106.419	399.194
68.912	200.452	3	1	1	118.324	106.419	399.194
69.236	201.398	3	1	1	113.521	106.419	399.194
69.551	202.347	3	1	1	110.749	106.419	399.194
69.826	203.308	3	1	1	113.265	106.419	399.194
70.101	204.270	3	1	1	114.704	106.419	399.194
70.376	205.231	3	1	1	120.158	106.419	399.194
70.650	206.193	3	1	1	120.222	106.419	399.194
70.925	207.154	3	1	1	115.041	106.419	399.194
71.200	208.116	3	1	1	120.330	106.419	399.194
71.474	209.077	3	1	1	116.905	106.419	399.194
71.793	210.025	3	1	1	113.264	106.419	399.194
72.115	210.972	3	1	1	119.902	106.419	399.194
72.438	211.918	3	1	1	111.349	106.419	399.194
72.761	212.865	3	1	1	110.498	106.419	399.194
73.083	213.811	3	1	1	113.349	106.419	399.194
73.406	214.758	3	1	1	110.038	106.419	399.194
73.729	215.704	3	1	1	108.480	106.419	399.194
74.051	216.651	3	1	1	110.476	106.419	399.194
74.374	217.597	3	1	1	112.782	106.419	399.194
74.697	218.544	3	1	1	111.867	106.419	399.194
75.019	219.490	3	1	1	111.125	106.419	399.194
75.342	220.437	3	1	1	113.113	106.419	399.194
75.665	221.383	3	1	1	107.765	106.419	399.194
75.987	222.330	3	1	1	112.802	106.419	399.194
76.310	223.276	3	1	1	111.219	106.419	399.194
76.638	224.221	3	1	1	114.664	106.419	399.194
76.972	225.164	3	1	1	112.676	106.419	399.194
77.306	226.106	3	1	1	108.743	106.419	399.194
77.641	227.049	3	1	1	112.266	106.419	399.194
77.975	227.991	3	1	1	115.854	106.419	399.194
78.310	228.933	3	1	1	113.045	106.419	399.194
78.644	229.876	3	1	1	112.275	106.419	399.194
78.979	230.818	3	1	1	113.360	106.419	399.194
79.313	231.761	3	1	1	113.450	106.419	399.194
79.647	232.703	3	1	1	114.927	106.419	399.194
79.982	233.646	3	1	1	112.498	106.419	399.194
80.290	234.597	3	1	1	108.485	106.419	399.194
80.564	235.558	3	1	1	110.437	106.419	399.194
80.839	236.520	3	1	1	114.870	106.419	399.194
81.114	237.482	3	1	1	112.709	106.419	399.194
81.388	238.443	3	1	1	109.587	106.419	399.194
81.663	239.405	3	1	1	109.932	106.419	399.194
81.938	240.366	3	1	1	112.700	106.419	399.194
82.213	241.328	3	1	1	112.614	106.419	399.194
82.487	242.289	3	1	1	112.711	106.419	399.194
82.762	243.251	3	1	1	107.771	106.419	399.194
83.187	244.156	3	1	1	111.399	106.419	399.194
83.661	245.037	3	1	1	111.874	106.419	399.194
84.135	245.917	3	1	1	111.542	106.419	399.194
84.609	246.798	3	1	1	113.938	106.419	399.194
85.083	247.678	3	1	1	110.636	106.419	399.194
85.557	248.558	3	1	1	109.217	106.419	399.194
86.031	249.439	3	1	1	115.024	106.419	399.194
86.505	250.319	3	1	1	113.407	106.419	399.194
86.979	251.200	3	1	1	106.499	106.419	399.194
87.454	252.080	3	1	1	108.523	106.419	399.194
87.928	252.961	3	1	1	115.477	106.419	399.194
88.402	253.841	3	1	1	114.861	106.419	399.194
88.876	254.722	3	1	1	113.567	106.419	399.194
89.350	255.602	3	1	1	109.257	106.419	399.194
89.824	256.483	3	1	1	115.257	106.419	399.194
90.361	257.326	3	1	1	119.392	106.419	399.194
90.900	258.169	3	1	1	118.693	106.419	399.194
91.438	259.012	3	1	1	112.685	106.419	399.194
91.976	259.854	3	1	1	110.864	106.419	399.194
92.515	260.697	3	1	1	109.392	106.419	399.194
93.053	261.540	3	1	1	113.838	106.419	399.194
93.591	262.382	3	1	1	109.220	106.419	399.194
94.130	263.225	3	1	1	113.931	106.419	399.194
94.668	264.068	3	1	1	112.030	106.419	399.194
95.207	264.910	3	1	1	116.885	106.419	399.194
95.745	265.753	3	1	1	114.686	106.419	399.194
96.283	266.596	3	1	1	114.692	106.419	399.194
96.822	267.439	3	1	1	114.864	106.419	399.194
97.360	268.281	3	1	1	108.614	106.419	399.194
98.085	268.970	3	1	1	110.381	106.419	399.194
98.864	269.597	3	1	1	117.963	106.419	399.194
99.643	270.224	3	1	1	111.694	106.419	399.194
100.422	270.851	3	1	1	115.895	106.419	399.194
101.202	271.477	3	1	1	111.943	106.419	399.194
101.981	272.104	3	1	1	110.034	106.419	399.194
102.760	272.731	3	1	1	112.713	106.419	399.194
103.539	273.358	3	1	1	115.532	106.419	399.194
104.319	273.984	3	1	1	110.512	106.419	399.194
105.098	274.611	3	1	1	110.419	106.419	399.194
105.877	275.238	3	1	1	114.570	106.419	399.194
106.656	275.865	3	1	1	109.107	106.419	399.194
107.435	276.491	3	1	1	112.610	106.419	399.194
108.215	277.118	3	1	1	117.198	106.419	399.194
108.994	277.745	3	1	1	118.494	106.419	399.194
109.773	278.372	3	1	1	114.258	106.419	399.194
110.552	278.999	3	1	1	116.496	106.419	399.194
111.331	279.625	3	1	1	114.519	106.419	399.194
112.111	280.252	3	1	1	120.633	106.419	399.194
112.884	280.886	3	1	1	119.323	106.419	399.194
113.578	281.606	3	1	1	110.429	106.419	399.194
114.271	282.327	3	1	1	114.984	106.419	399.194
114.965	283.047	3	1	1	114.078	106.419	399.194
115.659	283.767	3	1	1	111.139	106.419	399.194
116.352	284.488	3	1	1	113.358	106.419	399.194
117.046	285.208	3	1	1	116.751	106.419	399.194
117.740	285.928	3	1	1	116.200	106.419	399.194
118.433	286.649	3	1	1	113.616	106.419	399.194
119.127	287.369	3	1	1	116.892	106.419	399.194
119.820	288.089	3	1	1	114.508	106.419	399.194
120.514	288.810	3	1	1	117.403	106.419	399.194
121.208	289.530	3	1	1	114.840	106.419	399.194
121.989	290.154	3	1	1	110.473	106.419	399.194
122.824	290.704	3	1	1	110.900	106.419	399.194
123.660	291.253	3	1	1	114.958	106.419	399.194
124.496	291.802	3	1	1	114.536	106.419	399.194
125.331	292.351	3	1	1	113.182	106.419	399.194
126.167	292.900	3	1	1	115.152	106.419	399.194
127.003	293.450	3	1	1	117.407	106.419	399.194
127.839	293.999	3	1	1	114.092	106.419	399.194
128.674	294.548	3	1	1	116.530	106.419	399.194
129.510	295.097	3	1	1	114.835	106.419	399.194
130.346	295.646	3	1	1	111.162	106.419	399.194
131.181	296.195	3	1	1	112.808	106.419	399.194
132.017	296.745	3	1	1	114.099	106.419	399.194
132.853	297.294	3	1	1	114.693	106.419	399.194
133.682	297.853	3	1	1	111.836	106.419	399.194
134.507	298.417	3	1	1	112.055	106.419	399.194
135.333	298.982	3	1	1	111.404	106.419	399.194
136.158	299.547	3	1	1	115.242	106.419	399.194
136.983	300.111	3	1	1	113.791	106.419	399.194
137.809	300.676	3	1	1	111.523	106.419	399.194
138.634	301.241	3	1	1	119.120	106.419	399.194
139.459	301.805	3	1	1	118.712	106.419	399.194
140.285	302.370	3	1	1	117.816	106.419	399.194
141.110	302.935	3	1	1	114.533	106.419	399.194
141.935	303.500	3	1	1	115.975	106.419	399.194
142.760	304.064	3	1	1	115.040	106.419	399.194
143.586	304.629	3	1	1	120.198	106.419	399.194
144.411	305.194	3	1	1	115.162	106.419	399.194
145.236	305.758	3	1	1	114.606	106.419	399.194
146.061	306.324	3	1	1	115.836	106.419	399.194
146.883	306.893	3	1	1	113.802	106.419	399.194
147.705	307.463	3	1	1	115.574	106.419	399.194
148.527	308.032	3	1	1	115.686	106.419	399.194
149.350	308.601	3	1	1	122.987	106.419	399.194
150.172	309.170	3	1	1	118.924	106.419	399.194
150.994	309.739	3	1	1	116.395	106.419	399.194
151.816	310.309	3	1	1	115.828	106.419	399.194
152.638	310.878	3	1	1	115.554	106.419	399.194
153.461	311.447	3	1	1	118.129	106.419	399.194
154.283	312.016	3	1	1	121.480	106.419	399.194
155.105	312.585	3	1	1	116.694	106.419	399.194
155.927	313.155	3	1	1	120.621	106.419	399.194
156.749	313.724	3	1	1	115.299	106.419	399.194
157.572	314.293	3	1	1	118.907	106.419	399.194
158.394	314.862	3	1	1	119.225	106.419	399.194
159.254	315.372	3	1	1	118.646	106.419	399.194
160.153	315.810	3	1	1	115.268	106.419	399.194
161.052	316.249	3	1	1	117.628	106.419	399.194
161.950	316.687	3	1	1	119.040	106.419	399.194
162.849	317.126	3	1	1	114.790	106.419	399.194
163.748	317.564	3	1	1	120.938	106.419	399.194
164.647	318.002	3	1	1	119.855	106.419	399.194
165.546	318.441	3	1	1	118.503	106.419	399.194
166.444	318.879	3	1	1	119.075	106.419	399.194
167.343	319.318	3	1	1	117.605	106.419	399.194
168.242	319.756	3	1	1	117.353	106.419	399.194
169.141	320.195	3	1	1	116.104	106.419	399.194
170.039	320.633	3	1	1	120.644	106.419	399.194
170.938	321.071	3	1	1	120.053	106.419	399.194
171.837	321.510	3	1	1	119.649	106.419	399.194
172.718	321.983	3	1	1	115.845	106.419	399.194
173.543	322.547	3	1	1	114.572	106.419	399.194
174.369	323.112	3	1	1	111.757	106.419	399.194
175.194	323.677	3	1	1	115.769	106.419	399.194
176.019	324.241	3	1	1	113.174	106.419	399.194
176.845	324.806	3	1	1	115.305	106.419	399.194
177.670	325.371	3	1	1	117.591	106.419	399.194
178.495	325.935	3	1	1	114.279	106.419	399.194
179.321	326.500	3	1	1	114.072	106.419	399.194
180.146	327.065	3	1	1	109.721	106.419	399.194
180.971	327.629	3	1	1	112.609	106.419	399.194
181.796	328.194	3	1	1	114.357	106.419	399.194
182.622	328.759	3	1	1	117.567	106.419	399.194
183.447	329.323	3	1	1	115.274	106.419	399.194
184.272	329.888	3	1	1	113.134	106.419	399.194
185.098	330.453	3	1	1	116.024	106.419	399.194
186.025	330.827	3	1	1	113.743	106.419	399.194
186.960	331.183	3	1	1	115.531	106.419	399.194
187.894	331.539	3	1	1	120.700	106.419	399.194
188.829	331.895	3	1	1	115.032	106.419	399.194
189.763	332.251	3	1	1	114.443	106.419	399.194
190.698	332.607	3	1	1	113.628	106.419	399.194
191.632	332.963	3	1	1	117.340	106.419	399.194
192.566	333.319	3	1	1	117.849	106.419	399.194
193.501	333.675	3	1	1	114.201	106.419	399.194
194.435	334.031	3	1	1	112.263	106.419	399.194
195.370	334.387	3	1	1	117.836	106.419	399.194
196.304	334.743	3	1	1	114.940	106.419	399.194
197.239	335.099	3	1	1	117.706	106.419	399.194
198.173	335.455	3	1	1	120.160	106.419	399.194
199.108	335.811	3	1	1	118.163	106.419	399.194
200.042	336.167	3	1	1	116.050	106.419	399.194
200.977	336.523	3	1	1	116.205	106.419	399.194
201.911	336.879	3	1	1	115.256	106.419	399.194
202.846	337.235	3	1	1	115.840	106.419	399.194
203.780	337.591	3	1	1	119.206	106.419	399.194
204.715	337.947	3	1	1	120.367	106.419	399.194
205.649	338.303	3	1	1	115.645	106.419	399.194
206.630	338.500	3	1	1	112.500	106.419	399.194
207.630	338.500	3	1	1	119.875	106.419	399.194
208.630	338.500	3	1	1	118.120	106.419	399.194
209.630	338.500	3	1	1	116.630	106.419	399.194
210.630	338.500	3	1	1	118.984	106.419	399.194
211.630	338.500	3	1	1	118.075	106.419	399.194
212.630	338.500	3	1	1	117.749	106.419	399.194
213.630	338.500	3	1	1	116.883	106.419	399.194
214.630	338.500	3	1	1	114.883	106.419	399.194
215.630	338.500	3	1	1	112.775	106.419	399.194
216.630	338.500	3	1	1	114.034	106.419	399.194
217.630	338.500	3	1	1	113.240	106.419	399.194
218.630	338.500	3	1	1	113.880	106.419	399.194
219.630	338.500	3	1	1	111.728	106.419	399.194
220.630	338.500	3	1	1	113.641	106.419	399.194
221.630	338.500	3	1	1	113.632	106.419	399.194
222.630	338.500	3	1	1	111.107	106.419	399.194
223.630	338.500	3	1	1	113.976	106.419	399.194
224.630	338.500	3	1	1	113.750	106.419	399.194
225.630	338.500	3	1	1	110.785	106.419	399.194
226.630	338.500	3	1	1	114.228	106.419	399.194
227.629	338.468	3	1	1	118.880	106.419	399.194
228.599	338.225	3	1	1	117.231	106.419	399.194
229.569	337.983	3	1	1	113.890	106.419	399.194
230.540	337.740	3	1	1	112.378	106.419	399.194
231.510	337.498	3	1	1	114.406	106.419	399.194
232.480	337.255	3	1	1	118.165	106.419	399.194
233.450	337.012	3	1	1	113.156	106.419	399.194
234.420	336.770	3	1	1	110.324	106.419	399.194
235.390	336.527	3	1	1	109.630	106.419	399.194
236.360	336.285	3	1	1	106.579	106.419	399.194
237.331	336.042	3	1	1	111.034	106.419	399.194
238.301	335.800	3	1	1	112.034	106.419	399.194
239.271	335.557	3	1	1	110.977	106.419	399.194
240.241	335.315	3	1	1	109.872	106.419	399.194
241.211	335.072	3	1	1	115.376	106.419	399.194
242.181	334.830	3	1	1	116.067	106.419	399.194
243.151	334.587	3	1	1	108.108	106.419	399.194
244.122	334.345	3	1	1	111.185	106.419	399.194
245.092	334.102	3	1	1	111.858	106.419	399.194
246.062	333.860	3	1	1	114.457	106.419	399.194
247.032	333.617	3	1	1	112.873	106.419	399.194
248.002	333.374	3	1	1	110.202	106.419	399.194
248.972	333.132	3	1	1	116.353	106.419	399.194
249.942	332.889	3	1	1	115.017	106.419	399.194
250.913	332.647	3	1	1	111.015	106.419	399.194
251.866	332.347	3	1	1	108.081	106.419	399.194
252.789	331.961	3	1	1	114.389	106.419	399.194
253.712	331.575	3	1	1	114.653	106.419	399.194
254.634	331.189	3	1	1	113.087	106.419	399.194
255.557	330.804	3	1	1	110.947	106.419	399.194
256.479	330.418	3	1	1	116.623	106.419	399.194
257.402	330.032	3	1	1	117.414	106.419	399.194
258.325	329.646	3	1	1	113.927	106.419	399.194
259.247	329.260	3	1	1	114.183	106.419	399.194
260.170	328.874	3	1	1	112.443	106.419	399.194
261.092	328.489	3	1	1	109.040	106.419	399.194
262.015	328.103	3	1	1	107.718	106.419	399.194
262.937	327.717	3	1	1	113.680	106.419	399.194
263.860	327.331	3	1	1	110.847	106.419	399.194
264.783	326.945	3	1	1	113.139	106.419	399.194
265.705	326.560	3	1	1	114.848	106.419	399.194
266.628	326.174	3	1	1	111.876	106.419	399.194
267.550	325.788	3	1	1	110.520	106.419	399.194
268.473	325.402	3	1	1	112.153	106.419	399.194
269.396	325.016	3	1	1	114.777	106.419	399.194
270.318	324.631	3	1	1	109.854	106.419	399.194
271.241	324.245	3	1	1	111.800	106.419	399.194
272.163	323.859	3	1	1	110.707	106.419	399.194
273.086	323.473	3	1	1	108.861	106.419	399.194
274.008	323.087	3	1	1	117.100	106.419	399.194
274.931	322.702	3	1	1	114.040	106.419	399.194
275.854	322.316	3	1	1	114.866	106.419	399.194
276.776	321.930	3	1	1	111.462	106.419	399.194
277.699	321.544	3	1	1	110.699	106.419	399.194
278.621	321.158	3	1	1	113.726	106.419	399.194
279.512	320.704	3	1	1	114.012	106.419	399.194
280.377	320.203	3	1	1	108.692	106.419	399.194
281.243	319.702	3	1	1	115.767	106.419	399.194
282.108	319.201	3	1	1	110.810	106.419	399.194
282.974	318.699	3	1	1	111.927	106.419	399.194
283.839	318.198	3	1	1	113.357	106.419	399.194
284.704	317.697	3	1	1	110.333	106.419	399.194
285.570	317.196	3	1	1	113.190	106.419	399.194
286.435	316.695	3	1	1	118.911	106.419	399.194
287.301	316.194	3	1	1	110.720	106.419	399.194
288.166	315.693	3	1	1	113.611	106.419	399.194
289.032	315.192	3	1	1	114.040	106.419	399.194
289.897	314.691	3	1	1	114.614	106.419	399.194
290.762	314.190	3	1	1	112.771	106.419	399.194
291.628	313.689	3	1	1	116.266	106.419	399.194
292.493	313.188	3	1	1	114.163	106.419	399.194
293.359	312.687	3	1	1	109.476	106.419	399.194
294.224	312.186	3	1	1	111.099	106.419	399.194
295.090	311.685	3	1	1	115.087	106.419	399.194
295.955	311.184	3	1	1	115.161	106.419	399.194
296.820	310.683	3	1	1	116.012	106.419	399.194
297.686	310.182	3	1	1	110.938	106.419	399.194
298.502	309.604	3	1	1	115.681	106.419	399.194
299.286	308.983	3	1	1	111.970	106.419	399.194
300.071	308.363	3	1	1	113.958	106.419	399.194
300.855	307.743	3	1	1	114.940	106.419	399.194
301.640	307.123	3	1	1	113.090	106.419	399.194
302.424	306.503	3	1	1	113.171	106.419	399.194
303.209	305.883	3	1	1	112.302	106.419	399.194
303.994	305.263	3	1	1	116.735	106.419	399.194
304.778	304.643	3	1	1	117.286	106.419	399.194
305.563	304.023	3	1	1	111.299	106.419	399.194
306.347	303.403	3	1	1	117.581	106.419	399.194
307.132	302.783	3	1	1	114.478	106.419	399.194
307.916	302.163	3	1	1	113.908	106.419	399.194
308.701	301.543	3	1	1	113.999	106.419	399.194
309.486	300.923	3	1	1	116.952	106.419	399.194
310.270	300.303	3	1	1	114.391	106.419	399.194
311.055	299.683	3	1	1	110.941	106.419	399.194
311.839	299.063	3	1	1	116.562	106.419	399.194
312.624	298.443	3	1	1	118.181	106.419	399.194
313.408	297.822	3	1	1	114.820	106.419	399.194
314.109	297.109	3	1	1	114.175	106.419	399.194
314.798	296.385	3	1	1	110.471	106.419	399.194
315.487	295.660	3	1	1	114.908	106.419	399.194
316.176	294.935	3	1	1	115.544	106.419	399.194
316.865	294.210	3	1	1	109.098	106.419	399.194
317.555	293.486	3	1	1	109.265	106.419	399.194
318.244	292.761	3	1	1	114.578	106.419	399.194
318.933	292.036	3	1	1	112.644	106.419	399.194
319.622	291.312	3	1	1	108.890	106.419	399.194
320.311	290.587	3	1	1	113.357	106.419	399.194
321.000	289.862	3	1	1	113.318	106.419	399.194
321.689	289.138	3	1	1	113.526	106.419	399.194
322.378	288.413	3	1	1	113.690	106.419	399.194
323.067	287.688	3	1	1	117.482	106.419	399.194
323.756	286.963	3	1	1	113.127	106.419	399.194
324.445	286.239	3	1	1	110.006	106.419	399.194
325.134	285.514	3	1	1	114.384	106.419	399.194
325.823	284.789	3	1	1	115.873	106.419	399.194
326.512	284.065	3	1	1	111.849	106.419	399.194
327.201	283.340	3	1	1	114.243	106.419	399.194
327.890	282.615	3	1	1	114.721	106.419	399.194
328.401	281.755	3	1	1	113.519	106.419	399.194
328.875	280.875	3	1	1	108.532	106.419	399.194
329.349	279.994	3	1	1	113.442	106.419	399.194
329.823	279.114	3	1	1	112.961	106.419	399.194
330.297	278.233	3	1	1	115.796	106.419	399.194
330.771	277.353	3	1	1	113.996	106.419	399.194
331.246	276.473	3	1	1	110.292	106.419	399.194
331.720	275.592	3	1	1	110.669	106.419	399.194
332.194	274.712	3	1	1	113.284	106.419	399.194
332.668	273.831	3	1	1	115.266	106.419	399.194
333.142	272.951	3	1	1	112.127	106.419	399.194
333.616	272.070	3	1	1	114.130	106.419	399.194
334.090	271.190	3	1	1	114.181	106.419	399.194
334.564	270.309	3	1	1	114.117	106.419	399.194
335.038	269.429	3	1	1	114.560	106.419	399.194
335.512	268.548	3	1	1	118.138	106.419	399.194
335.987	267.668	3	1	1	114.308	106.419	399.194
336.461	266.787	3	1	1	113.314	106.419	399.194
336.935	265.907	3	1	1	116.029	106.419	399.194
337.372	265.008	3	1	1	111.727	106.419	399.194
337.609	264.036	3	1	1	113.832	106.419	399.194
337.847	263.065	3	1	1	116.907	106.419	399.194
338.084	262.093	3	1	1	112.267	106.419	399.194
338.321	261.122	3	1	1	111.889	106.419	399.194
338.558	260.150	3	1	1	116.588	106.419	399.194
338.796	259.179	3	1	1	115.710	106.419	399.194
339.033	258.207	3	1	1	115.580	106.419	399.194
339.270	257.236	3	1	1	113.790	106.419	399.194
339.507	256.264	3	1	1	117.906	106.419	399.194
339.744	255.293	3	1	1	118.211	106.419	399.194
339.982	254.322	3	1	1	117.446	106.419	399.194
340.219	253.350	3	1	1	115.491	106.419	399.194
340.456	252.379	3	1	1	117.046	106.419	399.194
340.693	251.407	3	1	1	116.499	106.419	399.194
340.842	250.418	3	1	1	116.843	106.419	399.194
340.863	249.419	3	1	1	118.503	106.419	399.194
340.883	248.419	3	1	1	119.336	106.419	399.194
340.904	247.419	3	1	1	118.784	106.419	399.194
340.924	246.419	3	1	1	117.584	106.419	399.194
340.945	245.419	3	1	1	117.205	106.419	399.194
340.966	244.420	3	1	1	120.135	106.419	399.194
340.986	243.420	3	1	1	118.687	106.419	399.194
341.007	242.420	3	1	1	121.316	106.419	399.194
341.027	241.420	3	1	1	129.931	106.419	399.194
341.048	240.420	3	1	1	126.716	106.419	399.194
341.069	239.421	3	1	1	125.103	106.419	399.194
341.089	238.421	3	1	1	125.927	106.419	399.194
341.110	237.421	3	1	1	123.023	106.419	399.194
341.130	236.421	3	1	1	122.420	106.419	399.194
341.151	235.422	3	1	1	127.265	106.419	399.194
341.151	234.422	3	1	1	127.170	106.419	399.194
341.088	233.423	3	1	1	126.652	106.419	399.194
341.025	232.426	3	1	1	128.410	106.419	399.194
340.961	231.428	3	1	1	130.572	106.419	399.194
340.898	230.430	3	1	1	126.834	106.419	399.194
340.835	229.432	3	1	1	127.338	106.419	399.194
340.772	228.434	3	1	1	126.014	106.419	399.194
340.709	227.436	3	1	1	128.983	106.419	399.194
340.645	226.438	3	1	1	125.716	106.419	399.194
340.582	225.440	3	1	1	123.899	106.419	399.194
340.519	224.441	3	1	1	127.991	106.419	399.194
340.456	223.444	3	1	1	129.132	106.419	399.194
340.392	222.446	3	1	1	127.573	106.419	399.194
340.329	221.448	3	1	1	130.611	106.419	399.194
340.266	220.450	3	1	1	129.557	106.419	399.194
340.203	219.452	3	1	1	123.903	106.419	399.194
340.140	218.454	3	1	1	122.494	106.419	399.194
340.076	217.456	3	1	1	125.211	106.419	399.194
340.013	216.458	3	1	1	126.173	106.419	399.194
339.902	215.464	3	1	1	124.909	106.419	399.194
339.778	214.471	3	1	1	129.506	106.419	399.194
339.654	213.479	3	1	1	133.199	106.419	399.194
339.530	212.487	3	1	1	136.336	106.419	399.194
339.741	211.510	3	1	1	135.621	106.419	399.194
340.051	210.559	3	1	1	133.860	106.419	399.194
340.361	209.608	3	1	1	133.016	106.419	399.194
340.672	208.657	3	1	1	130.699	106.419	399.194
340.982	207.707	3	1	1	132.196	106.419	399.194
341.292	206.756	3	1	1	133.987	106.419	399.194
341.602	205.805	3	1	1	136.373	106.419	399.194
341.912	204.854	3	1	1	131.177	106.419	399.194
342.222	203.904	3	1	1	137.088	106.419	399.194
342.532	202.953	3	1	1	139.467	106.419	399.194
342.842	202.002	3	1	1	142.721	106.419	399.194
343.152	201.052	3	1	1	146.389	106.419	399.194
343.312	200.065	3	1	1	150.396	106.419	399.194
343.403	199.069	3	1	1	143.689	106.419	399.194
343.493	198.073	3	1	1	148.623	106.419	399.194
343.584	197.077	3	1	1	143.732	106.419	399.194
343.674	196.081	3	1	1	145.100	106.419	399.194
343.644	195.081	3	1	1	150.058	106.419	399.194
343.110	194.236	3	1	1	140.394	106.419	399.194
342.576	193.390	3	1	1	137.754	106.419	399.194
342.042	192.545	3	1	1	142.367	106.419	399.194
341.508	191.700	3	1	1	144.145	106.419	399.194
340.974	190.854	3	1	1	130.051	106.419	399.194
341.004	189.854	3	1	1	138.824	106.419	399.194
341.371	188.924	3	1	1	138.608	106.419	399.194
341.737	187.994	3	1	1	137.967	106.419	399.194
342.104	187.063	3	1	1	138.305	106.419	399.194
342.470	186.133	3	1	1	142.635	106.419	399.194
342.837	185.202	3	1	1	142.137	106.419	399.194
343.203	184.272	3	1	1	142.889	106.419	399.194
343.570	183.342	3	1	1	142.800	106.419	399.194
343.936	182.411	3	1	1	143.507	106.419	399.194
344.000	181.413	3	1	1	147.023	106.419	399.194
344.000	180.413	3	1	1	150.635	106.419	399.194
344.000	179.413	3	1	1	149.454	106.419	399.194
344.000	178.413	3	1	1	146.598	106.419	399.194
344.000	177.413	3	1	1	148.215	106.419	399.194
343.343	176.659	3	1	1	149.233	106.419	399.194
342.600	175.990	3	1	1	149.607	106.419	399.194
341.857	175.321	3	1	1	155.275	106.419	399.194
341.113	174.652	3	1	1	145.451	106.419	399.194
340.370	173.983	3	1	1	137.684	106.419	399.194
339.627	173.314	3	1	1	142.399	106.419	399.194
338.921	172.605	3	1	1	148.324	106.419	399.194
338.444	171.727	3	1	1	142.331	106.419	399.194
337.966	170.849	3	1	1	138.240	106.419	399.194
337.488	169.970	3	1	1	144.329	106.419	399.194
337.010	169.092	3	1	1	146.466	106.419	399.194
336.532	168.213	3	1	1	147.488	106.419	399.194
336.054	167.335	3	1	1	143.080	106.419	399.194
335.577	166.456	3	1	1	138.792	106.419	399.194
335.099	165.578	3	1	1	133.287	106.419	399.194
334.621	164.699	3	1	1	141.280	106.419	399.194
334.143	163.821	3	1	1	137.301	106.419	399.194
333.665	162.942	3	1	1	135.728	106.419	399.194
333.188	162.064	3	1	1	138.504	106.419	399.194
332.710	161.186	3	1	1	138.468	106.419	399.194
332.232	160.307	3	1	1	136.537	106.419	399.194
331.754	159.429	3	1	1	132.582	106.419	399.194
331.276	158.550	3	1	1	132.234	106.419	399.194
330.798	157.672	3	1	1	132.711	106.419	399.194
330.321	156.793	3	1	1	136.226	106.419	399.194
329.843	155.915	3	1	1	137.962	106.419	399.194
329.365	155.036	3	1	1	130.881	106.419	399.194
328.887	154.158	3	1	1	136.279	106.419	399.194
328.409	153.279	3	1	1	139.733	106.419	399.194
327.855	152.447	3	1	1	141.023	106.419	399.194
327.228	151.668	3	1	1	133.207	106.419	399.194
326.600	150.890	3	1	1	132.689	106.419	399.194
325.973	150.111	3	1	1	129.151	106.419	399.194
325.345	149.333	3	1	1	129.581	106.419	399.194
324.718	148.554	3	1	1	130.776	106.419	399.194
324.090	147.775	3	1	1	128.141	106.419	399.194
323.463	146.997	3	1	1	127.335	106.419	399.194
322.835	146.218	3	1	1	122.811	106.419	399.194
322.208	145.440	3	1	1	126.394	106.419	399.194
321.580	144.661	3	1	1	128.404	106.419	399.194
320.952	143.882	3	1	1	120.827	106.419	399.194
320.325	143.104	3	1	1	121.431	106.419	399.194
319.697	142.325	3	1	1	126.019	106.419	399.194
319.070	141.547	3	1	1	137.206	106.419	399.194
318.442	140.768	3	1	1	128.479	106.419	399.194
317.815	139.989	3	1	1	125.100	106.419	399.194
317.187	139.211	3	1	1	126.412	106.419	399.194
316.560	138.432	3	1	1	124.246	106.419	399.194
315.932	137.654	3	1	1	126.454	106.419	399.194
315.305	136.875	3	1	1	120.652	106.419	399.194
314.677	136.096	3	1	1	120.648	106.419	399.194
314.050	135.318	3	1	1	119.623	106.419	399.194
313.422	134.539	3	1	1	123.469	106.419	399.194
312.795	133.761	3	1	1	124.316	106.419	399.194
312.167	132.982	3	1	1	126.387	106.419	399.194
311.540	132.203	3	1	1	126.452	106.419	399.194
310.912	131.425	3	1	1	127.813	106.419	399.194
310.285	130.646	3	1	1	120.689	106.419	399.194
309.659	129.866	3	1	1	118.252	106.419	399.194
309.035	129.085	3	1	1	121.147	106.419	399.194
308.410	128.304	3	1	1	115.635	106.419	399.194
307.785	127.523	3	1	1	121.407	106.419	399.194
307.161	126.742	3	1	1	123.882	106.419	399.194
306.536	125.961	3	1	1	128.625	106.419	399.194
305.911	125.181	3	1	1	126.609	106.419	399.194
305.286	124.400	3	1	1	122.890	106.419	399.194
304.662	123.619	3	1	1	116.715	106.419	399.194
304.037	122.838	3	1	1	121.815	106.419	399.194
303.412	122.057	3	1	1	122.753	106.419	399.194
302.788	121.276	3	1	1	122.507	106.419	399.194
302.163	120.495	3	1	1	121.055	106.419	399.194
301.538	119.715	3	1	1	123.360	106.419	399.194
300.914	118.934	3	1	1	120.027	106.419	399.194
300.289	118.153	3	1	1	124.677	106.419	399.194
299.664	117.372	3	1	1	121.929	106.419	399.194
299.040	116.591	3	1	1	121.368	106.419	399.194
298.415	115.810	3	1	1	126.267	106.419	399.194
297.639	115.179	3	1	1	127.098	106.419	399.194
296.784	114.660	3	1	1	119.054	106.419	399.194
295.930	114.141	3	1	1	115.842	106.419	399.194
295.075	113.622	3	1	1	119.807	106.419	399.194
294.220	113.102	3	1	1	119.250	106.419	399.194
293.366	112.583	3	1	1	120.493	106.419	399.194
292.511	112.064	3	1	1	121.257	106.419	399.194
291.657	111.545	3	1	1	123.926	106.419	399.194
290.802	111.025	3	1	1	120.663	106.419	399.194
289.947	110.506	3	1	1	119.967	106.419	399.194
289.093	109.987	3	1	1	125.771	106.419	399.194
288.238	109.467	3	1	1	119.630	106.419	399.194
287.384	108.948	3	1	1	120.430	106.419	399.194
286.529	108.429	3	1	1	119.329	106.419	399.194
285.674	107.910	3	1	1	121.342	106.419	399.194
284.820	107.390	3	1	1	119.269	106.419	399.194
283.965	106.871	3	1	1	119.476	106.419	399.194
283.110	106.352	3	1	1	125.755	106.419	399.194
282.256	105.833	3	1	1	124.670	106.419	399.194
281.401	105.313	3	1	1	125.038	106.419	399.194
280.547	104.794	3	1	1	127.488	106.419	399.194
279.692	104.275	3	1	1	128.083	106.419	399.194
278.837	103.756	3	1	1	124.968	106.419	399.194
277.983	103.236	3	1	1	124.639	106.419	399.194
277.128	102.717	3	1	1	123.214	106.419	399.194
276.273	102.198	3	1	1	116.113	106.419	399.194
275.419	101.679	3	1	1	125.477	106.419	399.194
274.564	101.159	3	1	1	129.295	106.419	399.194
273.710	100.640	3	1	1	126.697	106.419	399.194
272.855	100.121	3	1	1	131.766	106.419	399.194
272.000	99.602	3	1	1	125.779	106.419	399.194
271.079	99.213	3	1	1	123.466	106.419	399.194
270.145	98.857	3	1	1	126.100	106.419	399.194
269.210	98.501	3	1	1	126.547	106.419	399.194
268.276	98.145	3	1	1	134.617	106.419	399.194
267.341	97.789	3	1	1	126.079	106.419	399.194
266.407	97.433	3	1	1	126.385	106.419	399.194
265.472	97.077	3	1	1	124.377	106.419	399.194
264.538	96.721	3	1	1	127.425	106.419	399.194
263.603	96.365	3	1	1	127.439	106.419	399.194
262.669	96.009	3	1	1	126.516	106.419	399.194
261.734	95.653	3	1	1	128.488	106.419	399.194
260.800	95.297	3	1	1	126.429	106.419	399.194
259.865	94.941	3	1	1	119.360	106.419	399.194
258.931	94.585	3	1	1	126.301	106.419	399.194
257.996	94.229	3	1	1	128.874	106.419	399.194
257.062	93.873	3	1	1	128.257	106.419	399.194
256.127	93.517	3	1	1	126.884	106.419	399.194
255.193	93.161	3	1	1	132.137	106.419	399.194
254.258	92.805	3	1	1	127.247	106.419	399.194
253.324	92.449	3	1	1	127.844	106.419	399.194
252.389	92.093	3	1	1	129.322	106.419	399.194
251.455	91.737	3	1	1	128.052	106.419	399.194
250.520	91.381	3	1	1	129.712	106.419	399.194
249.586	91.025	3	1	1	124.427	106.419	399.194
248.651	90.669	3	1	1	126.513	106.419	399.194
247.717	90.313	3	1	1	123.045	106.419	399.194
246.782	89.957	3	1	1	131.701	106.419	399.194
245.848	89.601	3	1	1	126.459	106.419	399.194
244.913	89.245	3	1	1	124.739	106.419	399.194
243.979	88.889	3	1	1	126.136	106.419	399.194
243.011	88.637	3	1	1	132.491	106.419	399.194
242.039	88.404	3	1	1	130.844	106.419	399.194
241.066	88.171	3	1	1	122.239	106.419	399.194
240.094	87.938	3	1	1	131.100	106.419	399.194
239.121	87.705	3	1	1	136.844	106.419	399.194
238.149	87.472	3	1	1	130.996	106.419	399.194
237.176	87.239	3	1	1	127.507	106.419	399.194
236.204	87.007	3	1	1	129.132	106.419	399.194
235.231	86.774	3	1	1	129.563	106.419	399.194
234.259	86.541	3	1	1	124.324	106.419	399.194
233.286	86.308	3	1	1	128.890	106.419	399.194
232.314	86.075	3	1	1	123.377	106.419	399.194
231.341	85.842	3	1	1	128.208	106.419	399.194
230.369	85.609	3	1	1	135.237	106.419	399.194
229.396	85.377	3	1	1	134.575	106.419	399.194
228.424	85.144	3	1	1	134.775	106.419	399.194
227.451	84.911	3	1	1	125.592	106.419	399.194
226.479	84.678	3	1	1	123.002	106.419	399.194
225.506	84.445	3	1	1	124.996	106.419	399.194
224.534	84.212	3	1	1	127.719	106.419	399.194
223.561	83.979	3	1	1	131.209	106.419	399.194
222.589	83.747	3	1	1	127.099	106.419	399.194
221.616	83.514	3	1	1	122.205	106.419	399.194
220.644	83.281	3	1	1	121.908	106.419	399.194
219.670	83.052	3	1	1	121.727	106.419	399.194
218.696	82.826	3	1	1	125.802	106.419	399.194
217.722	82.600	3	1	1	131.692	106.419	399.194
216.748	82.374	3	1	1	122.407	106.419	399.194
215.773	82.149	3	1	1	127.514	106.419	399.194
214.799	81.923	3	1	1	124.104	106.419	399.194
213.825	81.697	3	1	1	135.602	106.419	399.194
212.851	81.472	3	1	1	132.355	106.419	399.194
211.877	81.246	3	1	1	131.991	106.419	399.194
210.902	81.020	3	1	1	129.879	106.419	399.194
209.928	80.794	3	1	1	128.470	106.419	399.194
208.954	80.569	3	1	1	132.298	106.419	399.194
207.980	80.343	3	1	1	129.778	106.419	399.194
207.006	80.117	3	1	1	130.852	106.419	399.194
206.032	79.891	3	1	1	132.636	106.419	399.194
205.057	79.666	3	1	1	129.749	106.419	399.194
204.083	79.440	3	1	1	130.436	106.419	399.194
203.109	79.214	3	1	1	127.993	106.419	399.194
202.135	78.989	3	1	1	126.201	106.419	399.194
201.161	78.763	3	1	1	129.720	106.419	399.194
200.186	78.537	3	1	1	124.737	106.419	399.194
199.212	78.311	3	1	1	126.114	106.419	399.194
198.238	78.086	3	1	1	129.048	106.419	399.194
197.264	77.860	3	1	1	134.733	106.419	399.194
196.290	77.634	3	1	1	133.919	106.419	399.194
195.315	77.408	3	1	1	127.668	106.419	399.194
194.341	77.183	3	1	1	129.767	106.419	399.194
193.367	76.957	3	1	1	134.087	106.419	399.194
192.377	76.814	3	1	1	130.556	106.419	399.194
191.378	76.772	3	1	1	128.528	106.419	399.194
190.379	76.730	3	1	1	129.399	106.419	399.194
189.380	76.689	3	1	1	128.600	106.419	399.194
188.381	76.647	3	1	1	123.487	106.419	399.194
187.382	76.605	3	1	1	129.209	106.419	399.194
186.383	76.563	3	1	1	126.598	106.419	399.194
185.383	76.521	3	1	1	124.577	106.419	399.194
184.384	76.479	3	1	1	125.799	106.419	399.194
183.385	76.437	3	1	1	127.509	106.419	399.194
182.386	76.395	3	1	1	128.322	106.419	399.194
181.387	76.353	3	1	1	122.612	106.419	399.194
180.388	76.311	3	1	1	126.456	106.419	399.194
179.389	76.270	3	1	1	130.023	106.419	399.194
178.390	76.228	3	1	1	131.981	106.419	399.194
177.390	76.186	3	1	1	130.715	106.419	399.194
176.391	76.144	3	1	1	128.883	106.419	399.194
175.392	76.102	3	1	1	125.640	106.419	399.194
174.393	76.060	3	1	1	127.283	106.419	399.194
173.394	76.018	3	1	1	126.558	106.419	399.194
172.395	75.976	3	1	1	124.638	106.419	399.194
171.396	75.934	3	1	1	122.894	106.419	399.194
170.397	75.892	3	1	1	125.928	106.419	399.194
169.397	75.851	3	1	1	127.047	106.419	399.194
168.398	75.809	3	1	1	124.086	106.419	399.194
167.399	75.767	3	1	1	123.326	106.419	399.194
166.399	75.750	3	1	1	123.928	106.419	399.194
165.399	75.750	3	1	1	123.601	106.419	399.194
164.399	75.750	3	1	1	123.900	106.419	399.194
163.399	75.750	3	1	1	122.817	106.419	399.194
162.399	75.750	3	1	1	128.564	106.419	399.194
161.399	75.750	3	1	1	127.501	106.419	399.194
160.399	75.750	3	1	1	123.633	106.419	399.194
159.399	75.750	3	1	1	122.850	106.419	399.194
158.399	75.750	3	1	1	122.517	106.419	399.194
157.399	75.750	3	1	1	120.032	106.419	399.194
156.399	75.750	3	1	1	120.785	106.419	399.194
155.399	75.750	3	1	1	124.518	106.419	399.194
154.399	75.750	3	1	1	122.664	106.419	399.194
153.399	75.750	3	1	1	120.100	106.419	399.194
152.399	75.750	3	1	1	120.335	106.419	399.194
151.399	75.750	3	1	1	121.260	106.419	399.194
150.402	75.685	3	1	1	123.187	106.419	399.194
149.407	75.576	3	1	1	122.015	106.419	399.194
148.413	75.468	3	1	1	122.336	106.419	399.194
147.419	75.359	3	1	1	123.599	106.419	399.194
146.425	75.251	3	1	1	123.417	106.419	399.194
145.431	75.142	3	1	1	122.618	106.419	399.194
144.437	75.034	3	1	1	125.896	106.419	399.194
143.443	74.926	3	1	1	123.194	106.419	399.194
142.449	74.817	3	1	1	124.080	106.419	399.194
141.455	74.709	3	1	1	129.060	106.419	399.194
140.461	74.600	3	1	1	127.827	106.419	399.194
139.466	74.492	3	1	1	122.114	106.419	399.194
138.472	74.383	3	1	1	123.215	106.419	399.194
137.478	74.275	3	1	1	123.109	106.419	399.194
136.500	74.481	3	1	1	123.628	106.419	399.194
135.544	74.775	3	1	1	127.760	106.419	399.194
134.588	75.069	3	1	1	128.114	106.419	399.194
133.632	75.363	3	1	1	124.376	106.419	399.194
132.677	75.657	3	1	1	123.351	106.419	399.194
131.721	75.951	3	1	1	132.043	106.419	399.194
130.765	76.245	3	1	1	121.250	106.419	399.194
129.809	76.539	3	1	1	127.852	106.419	399.194
128.853	76.834	3	1	1	125.243	106.419	399.194
127.898	77.128	3	1	1	125.666	106.419	399.194
126.942	77.422	3	1	1	126.365	106.419	399.194
125.986	77.716	3	1	1	128.849	106.419	399.194
125.030	78.010	3	1	1	134.028	106.419	399.194
124.075	78.304	3	1	1	132.722	106.419	399.194
123.119	78.598	3	1	1	129.348	106.419	399.194
122.163	78.892	3	1	1	135.124	106.419	399.194
121.207	79.186	3	1	1	134.646	106.419	399.194
120.365	79.726	3	1	1	131.567	106.419	399.194
119.565	80.326	3	1	1	133.150	106.419	399.194
118.765	80.926	3	1	1	133.263	106.419	399.194
117.965	81.526	3	1	1	138.161	106.419	399.194
117.165	82.126	3	1	1	133.526	106.419	399.194
116.365	82.726	3	1	1	137.403	106.419	399.194
115.565	83.326	3	1	1	142.674	106.419	399.194
114.765	83.926	3	1	1	142.198	106.419	399.194
113.965	84.526	3	1	1	141.490	106.419	399.194
113.165	85.126	3	1	1	146.391	106.419	399.194
112.355	85.712	3	1	1	150.811	106.419	399.194
111.543	86.295	3	1	1	150.523	106.419	399.194
110.730	86.878	3	1	1	140.431	106.419	399.194
109.918	87.461	3	1	1	145.838	106.419	399.194
109.105	88.044	3	1	1	147.732	106.419	399.194
108.293	88.627	3	1	1	140.203	106.419	399.194
107.480	89.210	3	1	1	145.724	106.419	399.194
106.668	89.793	3	1	1	152.663	106.419	399.194
105.855	90.376	3	1	1	147.603	106.419	399.194
105.043	90.959	3	1	1	154.583	106.419	399.194
104.230	91.542	3	1	1	155.526	106.419	399.194
103.417	92.124	3	1	1	146.959	106.419	399.194
102.605	92.707	3	1	1	149.370	106.419	399.194
101.792	93.290	3	1	1	149.762	106.419	399.194
101.065	93.976	3	1	1	146.675	106.419	399.194
100.391	94.715	3	1	1	153.292	106.419	399.194
99.716	95.453	3	1	1	149.615	106.419	399.194
99.042	96.192	3	1	1	152.658	106.419	399.194
98.368	96.930	3	1	1	147.568	106.419	399.194
97.694	97.669	3	1	1	145.298	106.419	399.194
97.019	98.407	3	1	1	154.965	106.419	399.194
96.345	99.146	3	1	1	155.287	106.419	399.194
95.671	99.884	3	1	1	150.921	106.419	399.194
94.997	100.623	3	1	1	152.809	106.419	399.194
94.322	101.361	3	1	1	152.971	106.419	399.194
93.648	102.100	3	1	1	148.399	106.419	399.194
92.974	102.838	3	1	1	149.991	106.419	399.194
92.299	103.577	3	1	1	155.984	106.419	399.194
91.625	104.315	3	1	1	154.049	106.419	399.194
