X	Y	C	Z	T	Intensity	BG	MX
83.750	153.500	3	1	1	118.212	102.878	309.776
83.685	154.498	3	1	1	117.185	102.878	309.776
83.620	155.496	3	1	1	116.205	102.878	309.776
83.555	156.494	3	1	1	114.923	102.878	309.776
83.490	157.492	3	1	1	113.985	102.878	309.776
83.425	158.489	3	1	1	113.967	102.878	309.776
83.360	159.487	3	1	1	115.505	102.878	309.776
83.294	160.485	3	1	1	115.636	102.878	309.776
83.229	161.483	3	1	1	116.045	102.878	309.776
83.164	162.481	3	1	1	115.519	102.878	309.776
83.099	163.479	3	1	1	113.358	102.878	309.776
83.034	164.477	3	1	1	115.281	102.878	309.776
83.167	165.468	3	1	1	113.989	102.878	309.776
83.502	166.410	3	1	1	110.524	102.878	309.776
83.837	167.352	3	1	1	114.899	102.878	309.776
84.173	168.294	3	1	1	119.882	102.878	309.776
84.508	169.236	3	1	1	112.834	102.878	309.776
84.843	170.178	3	1	1	112.795	102.878	309.776
85.178	171.120	3	1	1	113.324	102.878	309.776
85.514	172.063	3	1	1	114.596	102.878	309.776
85.849	173.005	3	1	1	121.166	102.878	309.776
86.184	173.947	3	1	1	118.649	102.878	309.776
86.507	174.893	3	1	1	114.819	102.878	309.776
86.628	175.886	3	1	1	112.035	102.878	309.776
86.749	176.879	3	1	1	113.085	102.878	309.776
86.870	177.871	3	1	1	108.778	102.878	309.776
86.992	178.864	3	1	1	106.856	102.878	309.776
87.113	179.856	3	1	1	116.774	102.878	309.776
87.234	180.849	3	1	1	108.479	102.878	309.776
87.355	181.842	3	1	1	115.239	102.878	309.776
87.476	182.834	3	1	1	113.840	102.878	309.776
87.597	183.827	3	1	1	115.936	102.878	309.776
87.718	184.820	3	1	1	114.022	102.878	309.776
87.839	185.812	3	1	1	116.718	102.878	309.776
87.960	186.805	3	1	1	111.346	102.878	309.776
88.081	187.798	3	1	1	117.564	102.878	309.776
88.178	188.793	3	1	1	112.156	102.878	309.776
88.218	189.792	3	1	1	112.016	102.878	309.776
88.258	190.791	3	1	1	120.129	102.878	309.776
88.298	191.790	3	1	1	117.846	102.878	309.776
88.338	192.790	3	1	1	110.686	102.878	309.776
88.378	193.789	3	1	1	115.735	102.878	309.776
88.418	194.788	3	1	1	115.454	102.878	309.776
88.458	195.787	3	1	1	114.807	102.878	309.776
88.498	196.786	3	1	1	109.174	102.878	309.776
88.531	197.786	3	1	1	113.274	102.878	309.776
88.563	198.785	3	1	1	106.766	102.878	309.776
88.595	199.785	3	1	1	108.768	102.878	309.776
88.627	200.784	3	1	1	110.716	102.878	309.776
88.660	201.784	3	1	1	108.367	102.878	309.776
88.692	202.783	3	1	1	108.501	102.878	309.776
88.724	203.783	3	1	1	109.425	102.878	309.776
88.756	204.782	3	1	1	111.782	102.878	309.776
88.789	205.782	3	1	1	108.191	102.878	309.776
88.821	206.781	3	1	1	110.966	102.878	309.776
88.893	207.779	3	1	1	110.501	102.878	309.776
88.989	208.774	3	1	1	112.593	102.878	309.776
89.085	209.769	3	1	1	114.220	102.878	309.776
89.182	210.765	3	1	1	114.605	102.878	309.776
89.278	211.760	3	1	1	109.460	102.878	309.776
89.374	212.755	3	1	1	112.278	102.878	309.776
89.471	213.751	3	1	1	111.060	102.878	309.776
89.567	214.746	3	1	1	116.649	102.878	309.776
89.663	215.742	3	1	1	112.408	102.878	309.776
89.759	216.737	3	1	1	114.092	102.878	309.776
89.754	217.737	3	1	1	113.913	102.878	309.776
89.438	218.686	3	1	1	113.870	102.878	309.776
89.122	219.634	3	1	1	116.272	102.878	309.776
88.806	220.583	3	1	1	110.305	102.878	309.776
88.489	221.532	3	1	1	112.724	102.878	309.776
88.173	222.480	3	1	1	114.848	102.878	309.776
87.857	223.429	3	1	1	113.641	102.878	309.776
87.541	224.378	3	1	1	110.167	102.878	309.776
87.225	225.326	3	1	1	108.985	102.878	309.776
87.120	226.321	3	1	1	111.317	102.878	309.776
87.063	227.319	3	1	1	117.416	102.878	309.776
87.006	228.318	3	1	1	119.843	102.878	309.776
86.949	229.316	3	1	1	118.204	102.878	309.776
86.892	230.314	3	1	1	111.642	102.878	309.776
86.835	231.313	3	1	1	112.019	102.878	309.776
86.777	232.311	3	1	1	113.156	102.878	309.776
86.720	233.309	3	1	1	114.971	102.878	309.776
86.663	234.308	3	1	1	112.970	102.878	309.776
86.606	235.306	3	1	1	117.043	102.878	309.776
86.549	236.305	3	1	1	116.198	102.878	309.776
86.512	237.304	3	1	1	115.269	102.878	309.776
86.603	238.300	3	1	1	112.468	102.878	309.776
86.694	239.296	3	1	1	114.332	102.878	309.776
86.784	240.292	3	1	1	116.652	102.878	309.776
86.875	241.287	3	1	1	118.379	102.878	309.776
86.965	242.283	3	1	1	113.179	102.878	309.776
87.056	243.279	3	1	1	114.663	102.878	309.776
87.146	244.275	3	1	1	115.443	102.878	309.776
87.574	245.179	3	1	1	115.378	102.878	309.776
88.089	246.036	3	1	1	116.629	102.878	309.776
88.603	246.894	3	1	1	119.777	102.878	309.776
89.118	247.751	3	1	1	119.564	102.878	309.776
89.632	248.609	3	1	1	114.145	102.878	309.776
90.147	249.466	3	1	1	116.733	102.878	309.776
90.661	250.324	3	1	1	120.519	102.878	309.776
91.176	251.181	3	1	1	117.531	102.878	309.776
91.690	252.039	3	1	1	120.957	102.878	309.776
92.205	252.896	3	1	1	120.348	102.878	309.776
92.719	253.754	3	1	1	119.270	102.878	309.776
93.263	254.593	3	1	1	121.306	102.878	309.776
93.980	255.290	3	1	1	118.882	102.878	309.776
94.697	255.987	3	1	1	117.800	102.878	309.776
95.414	256.684	3	1	1	122.983	102.878	309.776
96.132	257.380	3	1	1	117.921	102.878	309.776
96.849	258.077	3	1	1	121.388	102.878	309.776
97.566	258.774	3	1	1	125.748	102.878	309.776
98.284	259.471	3	1	1	126.265	102.878	309.776
99.001	260.168	3	1	1	125.040	102.878	309.776
99.718	260.864	3	1	1	119.983	102.878	309.776
100.435	261.561	3	1	1	124.017	102.878	309.776
101.153	262.258	3	1	1	121.623	102.878	309.776
101.870	262.955	3	1	1	123.434	102.878	309.776
102.587	263.651	3	1	1	126.327	102.878	309.776
103.305	264.348	3	1	1	119.377	102.878	309.776
104.022	265.045	3	1	1	124.679	102.878	309.776
104.739	265.742	3	1	1	124.370	102.878	309.776
105.460	266.435	3	1	1	133.263	102.878	309.776
106.181	267.127	3	1	1	128.901	102.878	309.776
106.903	267.820	3	1	1	125.146	102.878	309.776
107.624	268.512	3	1	1	127.432	102.878	309.776
108.345	269.205	3	1	1	127.042	102.878	309.776
109.067	269.898	3	1	1	123.772	102.878	309.776
109.788	270.590	3	1	1	122.156	102.878	309.776
110.510	271.283	3	1	1	123.440	102.878	309.776
111.231	271.975	3	1	1	127.651	102.878	309.776
111.952	272.668	3	1	1	131.221	102.878	309.776
112.674	273.360	3	1	1	127.066	102.878	309.776
113.341	274.105	3	1	1	126.702	102.878	309.776
113.880	274.948	3	1	1	124.709	102.878	309.776
114.419	275.790	3	1	1	124.596	102.878	309.776
114.958	276.632	3	1	1	118.887	102.878	309.776
115.497	277.474	3	1	1	122.903	102.878	309.776
116.036	278.317	3	1	1	121.769	102.878	309.776
116.575	279.159	3	1	1	130.528	102.878	309.776
117.114	280.001	3	1	1	133.942	102.878	309.776
117.653	280.844	3	1	1	130.884	102.878	309.776
118.192	281.686	3	1	1	124.650	102.878	309.776
118.738	282.524	3	1	1	122.559	102.878	309.776
119.293	283.356	3	1	1	133.342	102.878	309.776
119.847	284.188	3	1	1	133.854	102.878	309.776
120.402	285.020	3	1	1	130.459	102.878	309.776
120.957	285.852	3	1	1	126.830	102.878	309.776
121.512	286.684	3	1	1	126.938	102.878	309.776
122.066	287.516	3	1	1	129.214	102.878	309.776
122.621	288.348	3	1	1	126.494	102.878	309.776
123.176	289.180	3	1	1	130.259	102.878	309.776
123.730	290.012	3	1	1	132.913	102.878	309.776
124.393	290.761	3	1	1	127.845	102.878	309.776
125.079	291.488	3	1	1	119.617	102.878	309.776
125.765	292.216	3	1	1	121.284	102.878	309.776
126.451	292.943	3	1	1	127.067	102.878	309.776
127.137	293.671	3	1	1	124.907	102.878	309.776
127.823	294.399	3	1	1	122.655	102.878	309.776
128.509	295.126	3	1	1	123.569	102.878	309.776
129.195	295.854	3	1	1	128.200	102.878	309.776
129.882	296.581	3	1	1	124.949	102.878	309.776
130.568	297.309	3	1	1	125.657	102.878	309.776
131.254	298.037	3	1	1	125.132	102.878	309.776
131.940	298.764	3	1	1	123.586	102.878	309.776
132.626	299.492	3	1	1	130.843	102.878	309.776
133.312	300.219	3	1	1	127.873	102.878	309.776
133.998	300.947	3	1	1	125.951	102.878	309.776
134.684	301.675	3	1	1	134.654	102.878	309.776
135.268	302.486	3	1	1	135.130	102.878	309.776
135.823	303.318	3	1	1	125.880	102.878	309.776
136.378	304.150	3	1	1	135.357	102.878	309.776
136.932	304.982	3	1	1	124.145	102.878	309.776
137.487	305.814	3	1	1	131.465	102.878	309.776
138.042	306.646	3	1	1	129.118	102.878	309.776
138.596	307.478	3	1	1	133.063	102.878	309.776
139.151	308.310	3	1	1	135.153	102.878	309.776
139.706	309.142	3	1	1	127.729	102.878	309.776
140.261	309.974	3	1	1	131.297	102.878	309.776
140.815	310.806	3	1	1	136.326	102.878	309.776
141.370	311.638	3	1	1	132.430	102.878	309.776
141.925	312.470	3	1	1	129.734	102.878	309.776
142.479	313.302	3	1	1	134.739	102.878	309.776
143.034	314.134	3	1	1	139.068	102.878	309.776
143.589	314.967	3	1	1	134.372	102.878	309.776
144.144	315.799	3	1	1	131.762	102.878	309.776
144.698	316.631	3	1	1	126.313	102.878	309.776
145.253	317.463	3	1	1	133.425	102.878	309.776
145.808	318.295	3	1	1	132.818	102.878	309.776
146.362	319.127	3	1	1	126.528	102.878	309.776
146.917	319.959	3	1	1	127.009	102.878	309.776
147.472	320.791	3	1	1	132.582	102.878	309.776
148.026	321.623	3	1	1	130.627	102.878	309.776
148.581	322.455	3	1	1	130.340	102.878	309.776
149.407	323.019	3	1	1	131.508	102.878	309.776
150.358	323.328	3	1	1	124.321	102.878	309.776
151.309	323.636	3	1	1	130.203	102.878	309.776
152.260	323.945	3	1	1	130.014	102.878	309.776
153.212	324.253	3	1	1	129.535	102.878	309.776
154.163	324.562	3	1	1	130.506	102.878	309.776
155.114	324.870	3	1	1	122.131	102.878	309.776
156.065	325.179	3	1	1	126.509	102.878	309.776
157.016	325.487	3	1	1	131.217	102.878	309.776
157.968	325.796	3	1	1	133.463	102.878	309.776
158.919	326.104	3	1	1	131.614	102.878	309.776
159.870	326.413	3	1	1	132.180	102.878	309.776
160.821	326.721	3	1	1	127.256	102.878	309.776
161.806	326.897	3	1	1	127.149	102.878	309.776
162.801	326.997	3	1	1	133.512	102.878	309.776
163.796	327.096	3	1	1	132.417	102.878	309.776
164.791	327.196	3	1	1	127.391	102.878	309.776
165.786	327.295	3	1	1	131.938	102.878	309.776
166.781	327.395	3	1	1	130.711	102.878	309.776
167.776	327.494	3	1	1	132.220	102.878	309.776
168.771	327.594	3	1	1	127.952	102.878	309.776
169.766	327.693	3	1	1	127.830	102.878	309.776
170.761	327.793	3	1	1	126.339	102.878	309.776
171.756	327.892	3	1	1	132.529	102.878	309.776
172.751	327.992	3	1	1	135.008	102.878	309.776
173.746	328.091	3	1	1	130.658	102.878	309.776
174.741	328.191	3	1	1	131.318	102.878	309.776
175.736	328.290	3	1	1	132.626	102.878	309.776
176.731	328.390	3	1	1	130.346	102.878	309.776
177.726	328.489	3	1	1	128.162	102.878	309.776
178.721	328.589	3	1	1	135.773	102.878	309.776
179.716	328.688	3	1	1	139.805	102.878	309.776
180.711	328.788	3	1	1	133.098	102.878	309.776
181.703	328.921	3	1	1	132.770	102.878	309.776
182.690	329.082	3	1	1	135.538	102.878	309.776
183.676	329.243	3	1	1	132.949	102.878	309.776
184.663	329.404	3	1	1	131.256	102.878	309.776
185.650	329.565	3	1	1	125.025	102.878	309.776
186.637	329.727	3	1	1	125.852	102.878	309.776
187.624	329.888	3	1	1	128.476	102.878	309.776
188.611	330.049	3	1	1	130.695	102.878	309.776
189.598	330.210	3	1	1	137.075	102.878	309.776
190.585	330.371	3	1	1	134.700	102.878	309.776
191.572	330.532	3	1	1	129.223	102.878	309.776
192.559	330.693	3	1	1	129.952	102.878	309.776
193.546	330.854	3	1	1	127.963	102.878	309.776
194.533	331.016	3	1	1	124.706	102.878	309.776
195.520	331.177	3	1	1	130.864	102.878	309.776
196.507	331.338	3	1	1	130.954	102.878	309.776
197.494	331.499	3	1	1	130.249	102.878	309.776
198.489	331.593	3	1	1	135.066	102.878	309.776
199.485	331.687	3	1	1	135.702	102.878	309.776
200.480	331.781	3	1	1	129.874	102.878	309.776
201.476	331.875	3	1	1	129.971	102.878	309.776
202.471	331.969	3	1	1	132.272	102.878	309.776
203.467	332.063	3	1	1	128.535	102.878	309.776
204.463	332.157	3	1	1	132.641	102.878	309.776
205.458	332.251	3	1	1	132.998	102.878	309.776
206.454	332.345	3	1	1	127.337	102.878	309.776
207.449	332.439	3	1	1	127.995	102.878	309.776
208.445	332.533	3	1	1	125.946	102.878	309.776
209.440	332.626	3	1	1	127.286	102.878	309.776
210.436	332.720	3	1	1	128.053	102.878	309.776
211.436	332.714	3	1	1	127.483	102.878	309.776
212.435	332.661	3	1	1	129.542	102.878	309.776
213.433	332.609	3	1	1	130.488	102.878	309.776
214.432	332.556	3	1	1	127.475	102.878	309.776
215.430	332.504	3	1	1	127.945	102.878	309.776
216.429	332.451	3	1	1	128.059	102.878	309.776
217.428	332.399	3	1	1	126.886	102.878	309.776
218.426	332.346	3	1	1	126.233	102.878	309.776
219.425	332.293	3	1	1	127.601	102.878	309.776
220.424	332.241	3	1	1	129.455	102.878	309.776
221.422	332.188	3	1	1	128.419	102.878	309.776
222.421	332.136	3	1	1	125.383	102.878	309.776
223.419	332.083	3	1	1	128.048	102.878	309.776
224.418	332.031	3	1	1	129.374	102.878	309.776
225.415	331.948	3	1	1	125.733	102.878	309.776
226.407	331.824	3	1	1	126.814	102.878	309.776
227.399	331.700	3	1	1	130.005	102.878	309.776
228.391	331.576	3	1	1	132.146	102.878	309.776
229.384	331.452	3	1	1	130.107	102.878	309.776
230.376	331.328	3	1	1	130.594	102.878	309.776
231.372	331.239	3	1	1	127.946	102.878	309.776
232.372	331.210	3	1	1	126.134	102.878	309.776
233.371	331.180	3	1	1	123.394	102.878	309.776
234.371	331.151	3	1	1	124.732	102.878	309.776
235.370	331.121	3	1	1	123.935	102.878	309.776
236.370	331.092	3	1	1	121.545	102.878	309.776
237.369	331.063	3	1	1	121.123	102.878	309.776
238.369	331.033	3	1	1	125.175	102.878	309.776
239.369	331.004	3	1	1	127.070	102.878	309.776
240.354	330.833	3	1	1	123.566	102.878	309.776
241.335	330.642	3	1	1	125.885	102.878	309.776
242.317	330.450	3	1	1	129.053	102.878	309.776
243.298	330.259	3	1	1	127.525	102.878	309.776
244.280	330.067	3	1	1	124.960	102.878	309.776
245.261	329.876	3	1	1	122.588	102.878	309.776
246.243	329.684	3	1	1	123.214	102.878	309.776
247.224	329.493	3	1	1	124.663	102.878	309.776
248.206	329.301	3	1	1	127.839	102.878	309.776
249.187	329.110	3	1	1	121.398	102.878	309.776
250.092	328.684	3	1	1	124.790	102.878	309.776
250.827	328.006	3	1	1	125.564	102.878	309.776
251.562	327.328	3	1	1	125.892	102.878	309.776
252.297	326.649	3	1	1	122.573	102.878	309.776
253.031	325.971	3	1	1	122.039	102.878	309.776
253.766	325.293	3	1	1	122.527	102.878	309.776
254.501	324.614	3	1	1	119.385	102.878	309.776
255.236	323.936	3	1	1	119.865	102.878	309.776
255.971	323.258	3	1	1	120.935	102.878	309.776
256.551	322.444	3	1	1	119.395	102.878	309.776
257.028	321.564	3	1	1	123.149	102.878	309.776
257.504	320.685	3	1	1	120.880	102.878	309.776
257.980	319.806	3	1	1	121.437	102.878	309.776
258.456	318.927	3	1	1	122.416	102.878	309.776
258.933	318.047	3	1	1	128.135	102.878	309.776
259.409	317.168	3	1	1	126.022	102.878	309.776
259.824	316.258	3	1	1	120.092	102.878	309.776
260.225	315.342	3	1	1	122.110	102.878	309.776
260.626	314.426	3	1	1	124.889	102.878	309.776
261.027	313.510	3	1	1	122.168	102.878	309.776
261.428	312.594	3	1	1	123.700	102.878	309.776
261.829	311.678	3	1	1	125.521	102.878	309.776
262.229	310.761	3	1	1	121.671	102.878	309.776
262.630	309.845	3	1	1	123.704	102.878	309.776
263.061	308.943	3	1	1	125.388	102.878	309.776
263.794	308.263	3	1	1	124.385	102.878	309.776
264.527	307.582	3	1	1	121.551	102.878	309.776
265.260	306.902	3	1	1	126.609	102.878	309.776
265.993	306.221	3	1	1	125.193	102.878	309.776
266.725	305.541	3	1	1	120.497	102.878	309.776
267.458	304.860	3	1	1	117.511	102.878	309.776
268.191	304.180	3	1	1	116.937	102.878	309.776
268.924	303.499	3	1	1	120.672	102.878	309.776
269.657	302.819	3	1	1	126.136	102.878	309.776
270.434	302.190	3	1	1	123.653	102.878	309.776
271.248	301.609	3	1	1	117.452	102.878	309.776
272.061	301.028	3	1	1	118.674	102.878	309.776
272.875	300.446	3	1	1	118.445	102.878	309.776
273.689	299.865	3	1	1	123.604	102.878	309.776
274.503	299.284	3	1	1	126.184	102.878	309.776
275.314	298.699	3	1	1	119.138	102.878	309.776
276.092	298.071	3	1	1	114.083	102.878	309.776
276.870	297.442	3	1	1	116.813	102.878	309.776
277.648	296.814	3	1	1	121.610	102.878	309.776
278.426	296.186	3	1	1	123.921	102.878	309.776
279.204	295.558	3	1	1	119.051	102.878	309.776
279.982	294.930	3	1	1	122.747	102.878	309.776
280.760	294.302	3	1	1	125.625	102.878	309.776
281.539	293.674	3	1	1	124.456	102.878	309.776
282.353	293.093	3	1	1	119.327	102.878	309.776
283.283	292.726	3	1	1	116.741	102.878	309.776
284.213	292.359	3	1	1	114.837	102.878	309.776
285.143	291.992	3	1	1	118.191	102.878	309.776
286.073	291.625	3	1	1	118.006	102.878	309.776
287.004	291.257	3	1	1	119.569	102.878	309.776
287.934	290.890	3	1	1	119.917	102.878	309.776
288.864	290.523	3	1	1	114.462	102.878	309.776
289.794	290.156	3	1	1	114.859	102.878	309.776
290.724	289.789	3	1	1	118.519	102.878	309.776
291.654	289.422	3	1	1	121.351	102.878	309.776
292.585	289.054	3	1	1	118.421	102.878	309.776
293.515	288.687	3	1	1	118.802	102.878	309.776
294.445	288.320	3	1	1	122.565	102.878	309.776
295.363	287.924	3	1	1	119.105	102.878	309.776
296.273	287.509	3	1	1	121.415	102.878	309.776
297.182	287.093	3	1	1	120.788	102.878	309.776
298.092	286.677	3	1	1	115.049	102.878	309.776
299.001	286.261	3	1	1	122.148	102.878	309.776
299.911	285.846	3	1	1	120.072	102.878	309.776
300.820	285.430	3	1	1	111.206	102.878	309.776
301.730	285.014	3	1	1	116.270	102.878	309.776
302.639	284.598	3	1	1	116.661	102.878	309.776
303.548	284.183	3	1	1	118.128	102.878	309.776
304.458	283.767	3	1	1	121.405	102.878	309.776
305.367	283.351	3	1	1	117.890	102.878	309.776
306.277	282.935	3	1	1	118.189	102.878	309.776
307.112	282.386	3	1	1	121.042	102.878	309.776
307.920	281.796	3	1	1	116.801	102.878	309.776
308.727	281.206	3	1	1	115.972	102.878	309.776
309.535	280.616	3	1	1	113.003	102.878	309.776
310.342	280.026	3	1	1	115.681	102.878	309.776
311.149	279.436	3	1	1	118.733	102.878	309.776
311.957	278.846	3	1	1	119.825	102.878	309.776
312.764	278.256	3	1	1	114.881	102.878	309.776
313.572	277.666	3	1	1	115.925	102.878	309.776
314.379	277.076	3	1	1	116.200	102.878	309.776
315.182	276.480	3	1	1	114.100	102.878	309.776
315.782	275.680	3	1	1	121.417	102.878	309.776
316.382	274.880	3	1	1	117.885	102.878	309.776
316.982	274.080	3	1	1	116.333	102.878	309.776
317.582	273.280	3	1	1	115.889	102.878	309.776
318.182	272.480	3	1	1	119.933	102.878	309.776
318.782	271.680	3	1	1	114.903	102.878	309.776
319.382	270.880	3	1	1	116.149	102.878	309.776
319.982	270.080	3	1	1	117.880	102.878	309.776
320.582	269.280	3	1	1	116.637	102.878	309.776
321.182	268.480	3	1	1	114.666	102.878	309.776
321.782	267.680	3	1	1	119.329	102.878	309.776
322.353	266.859	3	1	1	117.353	102.878	309.776
322.872	266.004	3	1	1	119.696	102.878	309.776
323.391	265.150	3	1	1	116.888	102.878	309.776
323.910	264.295	3	1	1	115.125	102.878	309.776
324.429	263.440	3	1	1	118.349	102.878	309.776
324.948	262.585	3	1	1	112.764	102.878	309.776
325.467	261.730	3	1	1	117.554	102.878	309.776
325.986	260.876	3	1	1	117.030	102.878	309.776
326.505	260.021	3	1	1	115.586	102.878	309.776
327.024	259.166	3	1	1	114.748	102.878	309.776
327.543	258.311	3	1	1	117.923	102.878	309.776
327.888	257.372	3	1	1	118.254	102.878	309.776
328.004	256.379	3	1	1	118.373	102.878	309.776
328.121	255.386	3	1	1	119.255	102.878	309.776
328.238	254.393	3	1	1	120.531	102.878	309.776
328.355	253.400	3	1	1	123.240	102.878	309.776
328.472	252.407	3	1	1	122.396	102.878	309.776
328.589	251.413	3	1	1	120.847	102.878	309.776
328.705	250.420	3	1	1	121.334	102.878	309.776
328.822	249.427	3	1	1	121.321	102.878	309.776
328.857	248.428	3	1	1	123.107	102.878	309.776
328.883	247.428	3	1	1	126.652	102.878	309.776
328.910	246.428	3	1	1	127.086	102.878	309.776
328.936	245.429	3	1	1	122.345	102.878	309.776
328.962	244.429	3	1	1	116.237	102.878	309.776
328.989	243.430	3	1	1	117.548	102.878	309.776
329.015	242.430	3	1	1	119.655	102.878	309.776
329.041	241.430	3	1	1	115.209	102.878	309.776
329.068	240.431	3	1	1	116.019	102.878	309.776
329.094	239.431	3	1	1	116.253	102.878	309.776
329.120	238.431	3	1	1	120.820	102.878	309.776
329.147	237.432	3	1	1	122.412	102.878	309.776
329.164	236.432	3	1	1	117.216	102.878	309.776
329.155	235.432	3	1	1	114.520	102.878	309.776
329.146	234.432	3	1	1	117.477	102.878	309.776
329.136	233.432	3	1	1	120.101	102.878	309.776
329.127	232.432	3	1	1	119.234	102.878	309.776
329.117	231.432	3	1	1	119.862	102.878	309.776
329.108	230.432	3	1	1	117.012	102.878	309.776
329.098	229.432	3	1	1	115.508	102.878	309.776
329.089	228.432	3	1	1	116.065	102.878	309.776
329.080	227.432	3	1	1	119.623	102.878	309.776
329.070	226.432	3	1	1	119.155	102.878	309.776
329.061	225.432	3	1	1	119.815	102.878	309.776
329.051	224.432	3	1	1	123.396	102.878	309.776
329.042	223.432	3	1	1	119.124	102.878	309.776
329.032	222.432	3	1	1	124.789	102.878	309.776
329.023	221.432	3	1	1	123.974	102.878	309.776
329.014	220.432	3	1	1	117.894	102.878	309.776
329.004	219.432	3	1	1	114.950	102.878	309.776
328.956	218.434	3	1	1	117.084	102.878	309.776
328.877	217.437	3	1	1	122.716	102.878	309.776
328.799	216.440	3	1	1	123.520	102.878	309.776
328.721	215.443	3	1	1	123.053	102.878	309.776
328.643	214.446	3	1	1	124.018	102.878	309.776
328.565	213.449	3	1	1	122.626	102.878	309.776
328.486	212.452	3	1	1	118.780	102.878	309.776
328.408	211.455	3	1	1	118.430	102.878	309.776
328.330	210.458	3	1	1	117.598	102.878	309.776
328.252	209.461	3	1	1	122.018	102.878	309.776
328.174	208.464	3	1	1	124.946	102.878	309.776
328.095	207.467	3	1	1	120.409	102.878	309.776
328.017	206.470	3	1	1	119.742	102.878	309.776
327.761	205.504	3	1	1	123.109	102.878	309.776
327.456	204.551	3	1	1	116.607	102.878	309.776
327.152	203.599	3	1	1	116.432	102.878	309.776
326.847	202.646	3	1	1	114.642	102.878	309.776
326.542	201.694	3	1	1	116.946	102.878	309.776
326.237	200.742	3	1	1	120.090	102.878	309.776
325.933	199.789	3	1	1	118.938	102.878	309.776
325.628	198.837	3	1	1	116.308	102.878	309.776
325.323	197.884	3	1	1	114.807	102.878	309.776
325.018	196.932	3	1	1	112.172	102.878	309.776
324.713	195.980	3	1	1	124.736	102.878	309.776
324.409	195.027	3	1	1	121.164	102.878	309.776
324.104	194.075	3	1	1	119.980	102.878	309.776
323.711	193.155	3	1	1	123.958	102.878	309.776
323.274	192.256	3	1	1	120.548	102.878	309.776
322.837	191.356	3	1	1	120.046	102.878	309.776
322.400	190.457	3	1	1	116.736	102.878	309.776
321.963	189.557	3	1	1	117.694	102.878	309.776
321.527	188.658	3	1	1	118.929	102.878	309.776
321.090	187.758	3	1	1	117.125	102.878	309.776
320.653	186.859	3	1	1	119.604	102.878	309.776
320.216	185.959	3	1	1	119.720	102.878	309.776
319.779	185.059	3	1	1	122.009	102.878	309.776
319.189	184.252	3	1	1	114.625	102.878	309.776
318.589	183.452	3	1	1	116.714	102.878	309.776
317.989	182.652	3	1	1	110.957	102.878	309.776
317.389	181.852	3	1	1	111.198	102.878	309.776
316.789	181.052	3	1	1	111.657	102.878	309.776
316.189	180.252	3	1	1	117.298	102.878	309.776
316.567	179.326	3	1	1	118.054	102.878	309.776
317.211	178.561	3	1	1	115.826	102.878	309.776
317.856	177.797	3	1	1	118.076	102.878	309.776
318.500	177.032	3	1	1	115.049	102.878	309.776
319.144	176.267	3	1	1	119.449	102.878	309.776
319.788	175.502	3	1	1	121.556	102.878	309.776
320.432	174.737	3	1	1	117.289	102.878	309.776
321.076	173.972	3	1	1	119.121	102.878	309.776
321.720	173.207	3	1	1	116.233	102.878	309.776
322.365	172.442	3	1	1	114.893	102.878	309.776
323.009	171.677	3	1	1	113.857	102.878	309.776
323.653	170.912	3	1	1	119.114	102.878	309.776
323.861	169.934	3	1	1	117.507	102.878	309.776
323.623	168.963	3	1	1	115.723	102.878	309.776
323.385	167.992	3	1	1	115.920	102.878	309.776
323.147	167.021	3	1	1	115.661	102.878	309.776
322.908	166.049	3	1	1	115.743	102.878	309.776
322.670	165.078	3	1	1	123.582	102.878	309.776
322.432	164.107	3	1	1	119.248	102.878	309.776
322.194	163.136	3	1	1	114.058	102.878	309.776
321.955	162.165	3	1	1	115.493	102.878	309.776
321.717	161.193	3	1	1	113.918	102.878	309.776
321.479	160.222	3	1	1	110.947	102.878	309.776
321.241	159.251	3	1	1	108.092	102.878	309.776
321.003	158.280	3	1	1	105.164	102.878	309.776
320.764	157.309	3	1	1	117.103	102.878	309.776
320.161	156.511	3	1	1	116.966	102.878	309.776
319.538	155.729	3	1	1	111.831	102.878	309.776
318.914	154.947	3	1	1	113.509	102.878	309.776
318.291	154.165	3	1	1	111.814	102.878	309.776
317.668	153.383	3	1	1	117.291	102.878	309.776
317.044	152.601	3	1	1	110.918	102.878	309.776
316.421	151.819	3	1	1	111.354	102.878	309.776
315.798	151.037	3	1	1	115.243	102.878	309.776
315.174	150.255	3	1	1	110.785	102.878	309.776
314.551	149.473	3	1	1	113.729	102.878	309.776
313.928	148.691	3	1	1	113.857	102.878	309.776
313.305	147.909	3	1	1	114.259	102.878	309.776
312.681	147.127	3	1	1	115.539	102.878	309.776
312.058	146.345	3	1	1	113.044	102.878	309.776
311.435	145.563	3	1	1	111.309	102.878	309.776
310.811	144.781	3	1	1	117.037	102.878	309.776
310.188	143.999	3	1	1	114.099	102.878	309.776
309.565	143.218	3	1	1	113.022	102.878	309.776
308.941	142.436	3	1	1	111.411	102.878	309.776
308.318	141.654	3	1	1	108.194	102.878	309.776
307.695	140.872	3	1	1	112.924	102.878	309.776
307.071	140.090	3	1	1	111.705	102.878	309.776
306.373	139.373	3	1	1	112.192	102.878	309.776
305.666	138.666	3	1	1	108.965	102.878	309.776
304.959	137.959	3	1	1	107.126	102.878	309.776
304.252	137.252	3	1	1	105.170	102.878	309.776
303.545	136.545	3	1	1	110.589	102.878	309.776
302.838	135.838	3	1	1	108.166	102.878	309.776
302.131	135.131	3	1	1	111.897	102.878	309.776
301.424	134.424	3	1	1	115.301	102.878	309.776
300.717	133.717	3	1	1	113.725	102.878	309.776
300.010	133.010	3	1	1	115.320	102.878	309.776
299.302	132.302	3	1	1	107.340	102.878	309.776
298.595	131.595	3	1	1	110.635	102.878	309.776
297.888	130.888	3	1	1	109.537	102.878	309.776
297.181	130.181	3	1	1	107.090	102.878	309.776
296.466	129.482	3	1	1	106.931	102.878	309.776
295.587	129.006	3	1	1	107.824	102.878	309.776
294.707	128.531	3	1	1	108.765	102.878	309.776
293.827	128.055	3	1	1	110.238	102.878	309.776
292.947	127.580	3	1	1	113.274	102.878	309.776
292.068	127.104	3	1	1	110.915	102.878	309.776
291.188	126.629	3	1	1	110.412	102.878	309.776
290.308	126.153	3	1	1	113.645	102.878	309.776
289.429	125.678	3	1	1	110.386	102.878	309.776
288.549	125.202	3	1	1	105.888	102.878	309.776
287.669	124.727	3	1	1	113.239	102.878	309.776
286.790	124.251	3	1	1	111.282	102.878	309.776
285.910	123.776	3	1	1	110.151	102.878	309.776
285.030	123.300	3	1	1	111.179	102.878	309.776
284.150	122.824	3	1	1	113.358	102.878	309.776
283.273	122.344	3	1	1	114.695	102.878	309.776
282.396	121.864	3	1	1	113.334	102.878	309.776
281.519	121.384	3	1	1	111.660	102.878	309.776
280.642	120.903	3	1	1	111.029	102.878	309.776
279.765	120.423	3	1	1	109.742	102.878	309.776
278.888	119.943	3	1	1	113.196	102.878	309.776
278.011	119.462	3	1	1	112.391	102.878	309.776
277.134	118.982	3	1	1	111.546	102.878	309.776
276.257	118.502	3	1	1	110.652	102.878	309.776
275.379	118.021	3	1	1	109.550	102.878	309.776
274.502	117.541	3	1	1	108.783	102.878	309.776
273.625	117.061	3	1	1	111.252	102.878	309.776
272.748	116.580	3	1	1	114.893	102.878	309.776
271.871	116.100	3	1	1	114.542	102.878	309.776
270.994	115.620	3	1	1	111.266	102.878	309.776
270.108	115.156	3	1	1	110.962	102.878	309.776
269.124	114.977	3	1	1	109.617	102.878	309.776
268.140	114.798	3	1	1	118.123	102.878	309.776
267.156	114.619	3	1	1	111.534	102.878	309.776
266.173	114.440	3	1	1	115.238	102.878	309.776
265.189	114.262	3	1	1	114.799	102.878	309.776
264.205	114.083	3	1	1	111.157	102.878	309.776
263.221	113.904	3	1	1	116.763	102.878	309.776
262.289	113.542	3	1	1	114.919	102.878	309.776
261.407	113.070	3	1	1	111.273	102.878	309.776
260.525	112.599	3	1	1	118.219	102.878	309.776
259.643	112.127	3	1	1	115.221	102.878	309.776
258.762	111.655	3	1	1	112.912	102.878	309.776
257.880	111.184	3	1	1	116.256	102.878	309.776
256.998	110.712	3	1	1	117.113	102.878	309.776
256.116	110.240	3	1	1	116.671	102.878	309.776
255.234	109.769	3	1	1	120.850	102.878	309.776
254.353	109.297	3	1	1	120.226	102.878	309.776
253.471	108.825	3	1	1	113.905	102.878	309.776
252.589	108.354	3	1	1	115.594	102.878	309.776
251.707	107.882	3	1	1	116.684	102.878	309.776
250.825	107.411	3	1	1	112.755	102.878	309.776
249.944	106.939	3	1	1	112.884	102.878	309.776
249.062	106.467	3	1	1	118.064	102.878	309.776
248.196	105.967	3	1	1	115.484	102.878	309.776
247.359	105.419	3	1	1	114.017	102.878	309.776
246.523	104.871	3	1	1	116.052	102.878	309.776
245.686	104.323	3	1	1	123.142	102.878	309.776
244.850	103.775	3	1	1	115.797	102.878	309.776
244.013	103.227	3	1	1	112.328	102.878	309.776
243.177	102.679	3	1	1	113.137	102.878	309.776
242.341	102.131	3	1	1	115.837	102.878	309.776
241.504	101.583	3	1	1	112.341	102.878	309.776
240.668	101.035	3	1	1	115.511	102.878	309.776
239.831	100.487	3	1	1	117.612	102.878	309.776
238.995	99.939	3	1	1	116.611	102.878	309.776
238.102	99.488	3	1	1	110.313	102.878	309.776
237.198	99.061	3	1	1	118.997	102.878	309.776
236.294	98.634	3	1	1	111.704	102.878	309.776
235.390	98.207	3	1	1	112.819	102.878	309.776
234.485	97.780	3	1	1	121.329	102.878	309.776
233.581	97.352	3	1	1	119.957	102.878	309.776
232.677	96.925	3	1	1	118.783	102.878	309.776
231.773	96.498	3	1	1	117.775	102.878	309.776
230.869	96.071	3	1	1	117.129	102.878	309.776
229.964	95.644	3	1	1	113.603	102.878	309.776
229.060	95.217	3	1	1	117.787	102.878	309.776
228.156	94.790	3	1	1	117.309	102.878	309.776
227.252	94.363	3	1	1	121.379	102.878	309.776
226.348	93.936	3	1	1	119.006	102.878	309.776
225.443	93.508	3	1	1	119.871	102.878	309.776
224.539	93.081	3	1	1	124.497	102.878	309.776
223.635	92.654	3	1	1	114.198	102.878	309.776
222.731	92.227	3	1	1	112.124	102.878	309.776
221.866	91.725	3	1	1	115.877	102.878	309.776
221.054	91.141	3	1	1	115.019	102.878	309.776
220.242	90.558	3	1	1	114.465	102.878	309.776
219.429	89.975	3	1	1	122.796	102.878	309.776
218.617	89.392	3	1	1	114.369	102.878	309.776
217.805	88.809	3	1	1	112.953	102.878	309.776
216.992	88.225	3	1	1	115.426	102.878	309.776
216.180	87.642	3	1	1	119.384	102.878	309.776
215.368	87.059	3	1	1	119.143	102.878	309.776
214.555	86.476	3	1	1	117.701	102.878	309.776
213.743	85.892	3	1	1	111.496	102.878	309.776
212.931	85.309	3	1	1	112.803	102.878	309.776
212.025	84.886	3	1	1	114.397	102.878	309.776
211.052	84.654	3	1	1	120.797	102.878	309.776
210.079	84.421	3	1	1	114.282	102.878	309.776
209.107	84.189	3	1	1	121.084	102.878	309.776
208.134	83.956	3	1	1	118.335	102.878	309.776
207.162	83.723	3	1	1	113.569	102.878	309.776
206.189	83.491	3	1	1	116.394	102.878	309.776
205.217	83.258	3	1	1	117.878	102.878	309.776
204.244	83.026	3	1	1	116.109	102.878	309.776
203.271	82.793	3	1	1	114.589	102.878	309.776
202.299	82.561	3	1	1	115.978	102.878	309.776
201.326	82.328	3	1	1	119.711	102.878	309.776
200.374	82.023	3	1	1	118.127	102.878	309.776
199.433	81.683	3	1	1	119.334	102.878	309.776
198.493	81.343	3	1	1	113.584	102.878	309.776
197.553	81.003	3	1	1	116.666	102.878	309.776
196.612	80.663	3	1	1	117.826	102.878	309.776
195.672	80.323	3	1	1	115.633	102.878	309.776
194.731	79.983	3	1	1	119.114	102.878	309.776
193.791	79.643	3	1	1	120.475	102.878	309.776
192.851	79.302	3	1	1	120.496	102.878	309.776
191.910	78.962	3	1	1	119.821	102.878	309.776
190.970	78.622	3	1	1	123.481	102.878	309.776
190.030	78.282	3	1	1	122.153	102.878	309.776
189.075	77.985	3	1	1	121.999	102.878	309.776
188.079	77.897	3	1	1	119.706	102.878	309.776
187.082	77.810	3	1	1	119.111	102.878	309.776
186.086	77.722	3	1	1	127.357	102.878	309.776
185.090	77.635	3	1	1	123.264	102.878	309.776
184.094	77.548	3	1	1	122.057	102.878	309.776
183.098	77.460	3	1	1	120.395	102.878	309.776
182.102	77.373	3	1	1	117.240	102.878	309.776
181.105	77.286	3	1	1	112.041	102.878	309.776
180.109	77.198	3	1	1	124.012	102.878	309.776
179.113	77.111	3	1	1	121.696	102.878	309.776
178.117	77.023	3	1	1	119.205	102.878	309.776
177.121	76.936	3	1	1	119.022	102.878	309.776
176.125	76.849	3	1	1	116.433	102.878	309.776
175.128	76.761	3	1	1	121.660	102.878	309.776
174.137	76.627	3	1	1	124.621	102.878	309.776
173.148	76.485	3	1	1	119.766	102.878	309.776
172.158	76.344	3	1	1	121.743	102.878	309.776
171.168	76.203	3	1	1	119.307	102.878	309.776
170.178	76.061	3	1	1	117.123	102.878	309.776
169.188	75.920	3	1	1	124.575	102.878	309.776
168.198	75.778	3	1	1	120.395	102.878	309.776
167.208	75.637	3	1	1	120.969	102.878	309.776
166.218	75.495	3	1	1	123.284	102.878	309.776
165.228	75.354	3	1	1	119.871	102.878	309.776
164.238	75.213	3	1	1	124.720	102.878	309.776
163.248	75.071	3	1	1	123.560	102.878	309.776
162.258	74.930	3	1	1	117.347	102.878	309.776
161.268	74.788	3	1	1	118.073	102.878	309.776
160.278	74.647	3	1	1	120.353	102.878	309.776
159.288	74.505	3	1	1	116.859	102.878	309.776
158.314	74.729	3	1	1	121.565	102.878	309.776
157.342	74.966	3	1	1	121.224	102.878	309.776
156.371	75.204	3	1	1	123.932	102.878	309.776
155.399	75.441	3	1	1	119.216	102.878	309.776
154.428	75.679	3	1	1	117.108	102.878	309.776
153.457	75.916	3	1	1	121.682	102.878	309.776
152.485	76.154	3	1	1	124.278	102.878	309.776
151.514	76.391	3	1	1	123.578	102.878	309.776
150.542	76.629	3	1	1	122.256	102.878	309.776
149.571	76.866	3	1	1	121.330	102.878	309.776
148.600	77.103	3	1	1	123.362	102.878	309.776
147.646	77.404	3	1	1	126.548	102.878	309.776
146.728	77.801	3	1	1	122.956	102.878	309.776
145.811	78.199	3	1	1	120.448	102.878	309.776
144.893	78.596	3	1	1	128.298	102.878	309.776
143.975	78.994	3	1	1	127.374	102.878	309.776
143.058	79.392	3	1	1	127.826	102.878	309.776
142.140	79.789	3	1	1	123.435	102.878	309.776
141.223	80.187	3	1	1	120.277	102.878	309.776
140.305	80.584	3	1	1	129.863	102.878	309.776
139.388	80.982	3	1	1	127.356	102.878	309.776
138.470	81.380	3	1	1	127.448	102.878	309.776
137.553	81.777	3	1	1	123.180	102.878	309.776
136.635	82.175	3	1	1	123.740	102.878	309.776
135.717	82.572	3	1	1	126.693	102.878	309.776
134.800	82.970	3	1	1	128.732	102.878	309.776
133.882	83.368	3	1	1	129.059	102.878	309.776
132.966	83.768	3	1	1	128.033	102.878	309.776
132.080	84.232	3	1	1	123.446	102.878	309.776
131.195	84.697	3	1	1	129.639	102.878	309.776
130.309	85.162	3	1	1	127.545	102.878	309.776
129.424	85.626	3	1	1	125.565	102.878	309.776
128.538	86.091	3	1	1	132.178	102.878	309.776
127.653	86.555	3	1	1	130.993	102.878	309.776
126.767	87.020	3	1	1	131.161	102.878	309.776
125.881	87.484	3	1	1	132.375	102.878	309.776
124.996	87.949	3	1	1	132.633	102.878	309.776
124.110	88.413	3	1	1	135.399	102.878	309.776
123.225	88.878	3	1	1	132.591	102.878	309.776
122.339	89.343	3	1	1	128.035	102.878	309.776
121.454	89.807	3	1	1	126.029	102.878	309.776
120.568	90.272	3	1	1	127.429	102.878	309.776
119.683	90.736	3	1	1	131.683	102.878	309.776
118.797	91.201	3	1	1	129.982	102.878	309.776
117.912	91.665	3	1	1	131.458	102.878	309.776
117.233	92.400	3	1	1	126.667	102.878	309.776
116.610	93.182	3	1	1	127.576	102.878	309.776
115.987	93.965	3	1	1	125.808	102.878	309.776
115.365	94.747	3	1	1	134.615	102.878	309.776
114.742	95.529	3	1	1	129.503	102.878	309.776
114.119	96.312	3	1	1	126.822	102.878	309.776
113.496	97.094	3	1	1	123.464	102.878	309.776
112.874	97.877	3	1	1	122.556	102.878	309.776
112.251	98.659	3	1	1	124.246	102.878	309.776
111.628	99.442	3	1	1	126.799	102.878	309.776
111.005	100.224	3	1	1	129.575	102.878	309.776
110.383	101.006	3	1	1	132.001	102.878	309.776
109.760	101.789	3	1	1	132.793	102.878	309.776
109.137	102.571	3	1	1	128.954	102.878	309.776
108.514	103.354	3	1	1	129.149	102.878	309.776
107.901	104.143	3	1	1	125.370	102.878	309.776
107.333	104.967	3	1	1	126.310	102.878	309.776
106.766	105.790	3	1	1	123.267	102.878	309.776
106.198	106.613	3	1	1	124.920	102.878	309.776
105.630	107.436	3	1	1	122.268	102.878	309.776
105.062	108.259	3	1	1	120.853	102.878	309.776
104.495	109.083	3	1	1	125.929	102.878	309.776
103.927	109.906	3	1	1	129.768	102.878	309.776
103.359	110.729	3	1	1	127.747	102.878	309.776
102.791	111.552	3	1	1	126.925	102.878	309.776
102.224	112.376	3	1	1	126.346	102.878	309.776
101.656	113.199	3	1	1	124.199	102.878	309.776
101.088	114.022	3	1	1	125.544	102.878	309.776
100.521	114.845	3	1	1	126.430	102.878	309.776
99.953	115.668	3	1	1	127.828	102.878	309.776
99.385	116.492	3	1	1	126.594	102.878	309.776
98.817	117.315	3	1	1	125.885	102.878	309.776
98.250	118.138	3	1	1	124.205	102.878	309.776
97.732	118.994	3	1	1	122.190	102.878	309.776
97.256	119.873	3	1	1	122.044	102.878	309.776
96.780	120.753	3	1	1	119.766	102.878	309.776
96.304	121.632	3	1	1	124.234	102.878	309.776
95.827	122.511	3	1	1	125.663	102.878	309.776
95.351	123.390	3	1	1	123.290	102.878	309.776
94.875	124.270	3	1	1	123.539	102.878	309.776
94.398	125.149	3	1	1	126.495	102.878	309.776
93.922	126.028	3	1	1	127.443	102.878	309.776
93.446	126.908	3	1	1	124.518	102.878	309.776
92.970	127.787	3	1	1	122.672	102.878	309.776
92.493	128.666	3	1	1	120.751	102.878	309.776
92.017	129.545	3	1	1	125.783	102.878	309.776
91.541	130.425	3	1	1	121.877	102.878	309.776
91.194	131.363	3	1	1	125.329	102.878	309.776
90.859	132.305	3	1	1	124.110	102.878	309.776
90.525	133.247	3	1	1	122.282	102.878	309.776
90.191	134.190	3	1	1	121.607	102.878	309.776
89.856	135.132	3	1	1	116.448	102.878	309.776
89.522	136.075	3	1	1	119.791	102.878	309.776
89.187	137.017	3	1	1	127.549	102.878	309.776
88.853	137.960	3	1	1	123.797	102.878	309.776
88.519	138.902	3	1	1	119.522	102.878	309.776
88.184	139.844	3	1	1	115.086	102.878	309.776
87.850	140.787	3	1	1	115.482	102.878	309.776
87.515	141.729	3	1	1	116.664	102.878	309.776
87.181	142.672	3	1	1	123.399	102.878	309.776
86.847	143.614	3	1	1	122.687	102.878	309.776
86.512	144.557	3	1	1	121.571	102.878	309.776
86.178	145.499	3	1	1	114.444	102.878	309.776
