X	Y	C	Z	T	Intensity	BG	MX
178.500	87.250	2	1	1	123.414	105.134	139.270
177.574	87.628	2	1	1	117.622	105.134	139.270
176.648	88.005	2	1	1	119.417	105.134	139.270
175.722	88.383	2	1	1	119.578	105.134	139.270
174.796	88.761	2	1	1	119.814	105.134	139.270
173.870	89.138	2	1	1	119.596	105.134	139.270
172.944	89.516	2	1	1	121.914	105.134	139.270
172.018	89.892	2	1	1	118.024	105.134	139.270
171.087	90.258	2	1	1	120.686	105.134	139.270
170.156	90.623	2	1	1	126.492	105.134	139.270
169.225	90.989	2	1	1	123.728	105.134	139.270
168.295	91.354	2	1	1	124.691	105.134	139.270
167.364	91.720	2	1	1	122.989	105.134	139.270
166.433	92.086	2	1	1	119.599	105.134	139.270
165.502	92.451	2	1	1	125.672	105.134	139.270
164.572	92.817	2	1	1	119.955	105.134	139.270
163.641	93.183	2	1	1	122.060	105.134	139.270
162.721	93.576	2	1	1	121.109	105.134	139.270
161.893	94.136	2	1	1	121.073	105.134	139.270
161.064	94.695	2	1	1	121.660	105.134	139.270
160.236	95.255	2	1	1	126.913	105.134	139.270
159.407	95.815	2	1	1	117.053	105.134	139.270
158.578	96.375	2	1	1	123.699	105.134	139.270
157.750	96.935	2	1	1	125.904	105.134	139.270
156.921	97.495	2	1	1	129.208	105.134	139.270
156.093	98.055	2	1	1	133.282	105.134	139.270
155.264	98.614	2	1	1	125.541	105.134	139.270
154.435	99.174	2	1	1	132.064	105.134	139.270
153.607	99.734	2	1	1	126.202	105.134	139.270
152.778	100.294	2	1	1	127.914	105.134	139.270
151.950	100.854	2	1	1	134.082	105.134	139.270
151.121	101.414	2	1	1	138.140	105.134	139.270
150.288	101.967	2	1	1	140.618	105.134	139.270
149.444	102.502	2	1	1	143.571	105.134	139.270
148.599	103.037	2	1	1	136.828	105.134	139.270
147.754	103.573	2	1	1	141.484	105.134	139.270
146.909	104.108	2	1	1	136.894	105.134	139.270
146.064	104.643	2	1	1	136.248	105.134	139.270
145.219	105.178	2	1	1	131.318	105.134	139.270
144.375	105.713	2	1	1	126.189	105.134	139.270
143.530	106.248	2	1	1	131.285	105.134	139.270
142.685	106.783	2	1	1	130.302	105.134	139.270
141.840	107.318	2	1	1	125.219	105.134	139.270
140.995	107.853	2	1	1	127.568	105.134	139.270
140.127	108.349	2	1	1	130.251	105.134	139.270
139.229	108.789	2	1	1	130.712	105.134	139.270
138.331	109.229	2	1	1	131.984	105.134	139.270
137.433	109.669	2	1	1	129.752	105.134	139.270
136.535	110.109	2	1	1	130.380	105.134	139.270
135.637	110.549	2	1	1	127.228	105.134	139.270
134.739	110.988	2	1	1	123.745	105.134	139.270
133.841	111.428	2	1	1	128.990	105.134	139.270
132.943	111.868	2	1	1	130.181	105.134	139.270
132.143	112.468	2	1	1	124.544	105.134	139.270
131.608	113.313	2	1	1	125.213	105.134	139.270
131.074	114.159	2	1	1	122.015	105.134	139.270
130.540	115.004	2	1	1	125.331	105.134	139.270
130.006	115.849	2	1	1	127.310	105.134	139.270
129.471	116.695	2	1	1	124.440	105.134	139.270
128.937	117.540	2	1	1	125.185	105.134	139.270
128.403	118.385	2	1	1	122.286	105.134	139.270
127.868	119.231	2	1	1	123.577	105.134	139.270
127.334	120.076	2	1	1	122.850	105.134	139.270
126.800	120.921	2	1	1	123.777	105.134	139.270
126.159	121.689	2	1	1	122.416	105.134	139.270
125.509	122.448	2	1	1	123.548	105.134	139.270
124.858	123.208	2	1	1	126.317	105.134	139.270
124.207	123.967	2	1	1	130.227	105.134	139.270
123.556	124.726	2	1	1	126.868	105.134	139.270
122.905	125.485	2	1	1	128.899	105.134	139.270
122.255	126.245	2	1	1	130.318	105.134	139.270
121.604	127.004	2	1	1	132.970	105.134	139.270
120.953	127.763	2	1	1	137.094	105.134	139.270
120.302	128.522	2	1	1	125.858	105.134	139.270
119.651	129.282	2	1	1	124.644	105.134	139.270
119.005	130.044	2	1	1	131.008	105.134	139.270
118.364	130.813	2	1	1	124.105	105.134	139.270
117.724	131.581	2	1	1	122.948	105.134	139.270
117.084	132.349	2	1	1	121.890	105.134	139.270
116.444	133.117	2	1	1	125.850	105.134	139.270
115.804	133.886	2	1	1	119.574	105.134	139.270
115.164	134.654	2	1	1	129.819	105.134	139.270
114.523	135.422	2	1	1	120.869	105.134	139.270
113.883	136.190	2	1	1	122.325	105.134	139.270
113.243	136.958	2	1	1	131.306	105.134	139.270
112.603	137.727	2	1	1	131.596	105.134	139.270
111.963	138.495	2	1	1	127.161	105.134	139.270
111.349	139.285	2	1	1	131.167	105.134	139.270
110.749	140.085	2	1	1	123.070	105.134	139.270
110.149	140.885	2	1	1	125.283	105.134	139.270
109.549	141.685	2	1	1	127.272	105.134	139.270
108.949	142.485	2	1	1	131.284	105.134	139.270
108.349	143.285	2	1	1	130.850	105.134	139.270
107.749	144.085	2	1	1	124.927	105.134	139.270
107.149	144.885	2	1	1	122.888	105.134	139.270
106.549	145.685	2	1	1	121.396	105.134	139.270
105.949	146.485	2	1	1	126.050	105.134	139.270
105.349	147.285	2	1	1	127.551	105.134	139.270
104.730	148.070	2	1	1	128.916	105.134	139.270
104.086	148.835	2	1	1	126.649	105.134	139.270
103.442	149.600	2	1	1	138.958	105.134	139.270
102.798	150.365	2	1	1	129.634	105.134	139.270
102.154	151.130	2	1	1	127.073	105.134	139.270
101.510	151.895	2	1	1	130.491	105.134	139.270
100.866	152.660	2	1	1	132.613	105.134	139.270
100.221	153.425	2	1	1	124.463	105.134	139.270
99.577	154.189	2	1	1	130.440	105.134	139.270
98.933	154.954	2	1	1	127.091	105.134	139.270
98.296	155.725	2	1	1	132.266	105.134	139.270
97.751	156.564	2	1	1	124.548	105.134	139.270
97.207	157.402	2	1	1	125.812	105.134	139.270
96.663	158.241	2	1	1	126.060	105.134	139.270
96.118	159.080	2	1	1	125.322	105.134	139.270
95.574	159.919	2	1	1	125.947	105.134	139.270
95.029	160.758	2	1	1	127.689	105.134	139.270
94.485	161.597	2	1	1	129.841	105.134	139.270
93.941	162.436	2	1	1	130.303	105.134	139.270
93.396	163.274	2	1	1	128.774	105.134	139.270
93.070	164.220	2	1	1	130.449	105.134	139.270
92.828	165.190	2	1	1	128.562	105.134	139.270
92.585	166.160	2	1	1	130.984	105.134	139.270
92.342	167.130	2	1	1	132.708	105.134	139.270
92.100	168.100	2	1	1	140.057	105.134	139.270
91.857	169.070	2	1	1	133.610	105.134	139.270
91.615	170.041	2	1	1	130.843	105.134	139.270
91.372	171.011	2	1	1	140.549	105.134	139.270
91.130	171.981	2	1	1	130.954	105.134	139.270
90.887	172.951	2	1	1	129.059	105.134	139.270
90.645	173.921	2	1	1	129.370	105.134	139.270
90.472	174.906	2	1	1	129.675	105.134	139.270
90.402	175.904	2	1	1	123.381	105.134	139.270
90.332	176.901	2	1	1	128.111	105.134	139.270
90.261	177.899	2	1	1	124.165	105.134	139.270
90.191	178.896	2	1	1	126.435	105.134	139.270
90.121	179.894	2	1	1	121.231	105.134	139.270
90.051	180.891	2	1	1	117.338	105.134	139.270
89.981	181.889	2	1	1	120.071	105.134	139.270
89.911	182.886	2	1	1	123.384	105.134	139.270
89.841	183.884	2	1	1	117.229	105.134	139.270
89.771	184.881	2	1	1	121.408	105.134	139.270
89.701	185.879	2	1	1	122.079	105.134	139.270
89.631	186.877	2	1	1	122.486	105.134	139.270
89.561	187.874	2	1	1	125.808	105.134	139.270
89.465	188.869	2	1	1	130.407	105.134	139.270
89.181	189.828	2	1	1	126.645	105.134	139.270
88.898	190.787	2	1	1	126.595	105.134	139.270
88.615	191.746	2	1	1	132.507	105.134	139.270
88.331	192.706	2	1	1	125.140	105.134	139.270
88.048	193.665	2	1	1	118.757	105.134	139.270
87.765	194.624	2	1	1	117.838	105.134	139.270
87.481	195.583	2	1	1	120.158	105.134	139.270
87.198	196.542	2	1	1	120.150	105.134	139.270
86.915	197.501	2	1	1	122.314	105.134	139.270
86.631	198.460	2	1	1	117.975	105.134	139.270
86.348	199.419	2	1	1	118.079	105.134	139.270
86.151	200.399	2	1	1	120.719	105.134	139.270
86.000	201.388	2	1	1	128.921	105.134	139.270
85.849	202.376	2	1	1	125.817	105.134	139.270
85.699	203.365	2	1	1	122.025	105.134	139.270
85.548	204.353	2	1	1	121.618	105.134	139.270
85.397	205.342	2	1	1	121.472	105.134	139.270
85.246	206.330	2	1	1	122.935	105.134	139.270
85.095	207.319	2	1	1	125.340	105.134	139.270
84.945	208.308	2	1	1	132.338	105.134	139.270
84.794	209.296	2	1	1	137.213	105.134	139.270
84.643	210.285	2	1	1	137.040	105.134	139.270
84.492	211.273	2	1	1	139.466	105.134	139.270
84.341	212.262	2	1	1	135.439	105.134	139.270
84.191	213.250	2	1	1	133.016	105.134	139.270
84.040	214.239	2	1	1	128.687	105.134	139.270
84.070	215.238	2	1	1	131.436	105.134	139.270
84.165	216.234	2	1	1	135.031	105.134	139.270
84.260	217.229	2	1	1	135.942	105.134	139.270
84.355	218.225	2	1	1	134.780	105.134	139.270
84.450	219.220	2	1	1	132.967	105.134	139.270
84.544	220.216	2	1	1	135.518	105.134	139.270
84.639	221.211	2	1	1	134.586	105.134	139.270
84.734	222.207	2	1	1	135.934	105.134	139.270
84.829	223.202	2	1	1	131.898	105.134	139.270
84.924	224.198	2	1	1	132.463	105.134	139.270
85.031	225.192	2	1	1	126.849	105.134	139.270
85.192	226.179	2	1	1	125.519	105.134	139.270
85.353	227.166	2	1	1	120.381	105.134	139.270
85.513	228.153	2	1	1	127.168	105.134	139.270
85.674	229.140	2	1	1	129.187	105.134	139.270
85.835	230.127	2	1	1	124.356	105.134	139.270
85.995	231.114	2	1	1	124.366	105.134	139.270
86.156	232.101	2	1	1	133.936	105.134	139.270
86.317	233.088	2	1	1	128.893	105.134	139.270
86.477	234.075	2	1	1	125.768	105.134	139.270
86.638	235.062	2	1	1	128.206	105.134	139.270
86.890	236.030	2	1	1	129.536	105.134	139.270
87.337	236.924	2	1	1	124.231	105.134	139.270
87.784	237.819	2	1	1	129.415	105.134	139.270
88.232	238.713	2	1	1	129.197	105.134	139.270
88.679	239.608	2	1	1	133.317	105.134	139.270
89.126	240.502	2	1	1	141.763	105.134	139.270
89.573	241.397	2	1	1	144.618	105.134	139.270
90.020	242.291	2	1	1	138.456	105.134	139.270
90.468	243.185	2	1	1	138.985	105.134	139.270
90.915	244.080	2	1	1	145.392	105.134	139.270
91.362	244.974	2	1	1	153.299	105.134	139.270
91.809	245.869	2	1	1	147.943	105.134	139.270
92.256	246.764	2	1	1	148.612	105.134	139.270
92.635	247.689	2	1	1	146.119	105.134	139.270
93.015	248.614	2	1	1	146.190	105.134	139.270
93.395	249.539	2	1	1	137.320	105.134	139.270
93.775	250.464	2	1	1	138.620	105.134	139.270
94.155	251.389	2	1	1	144.792	105.134	139.270
94.535	252.314	2	1	1	134.381	105.134	139.270
94.915	253.239	2	1	1	130.351	105.134	139.270
95.295	254.164	2	1	1	138.059	105.134	139.270
95.675	255.089	2	1	1	133.309	105.134	139.270
96.055	256.014	2	1	1	130.385	105.134	139.270
96.435	256.939	2	1	1	125.938	105.134	139.270
96.815	257.864	2	1	1	128.499	105.134	139.270
97.195	258.789	2	1	1	132.773	105.134	139.270
97.574	259.714	2	1	1	128.780	105.134	139.270
97.954	260.639	2	1	1	129.681	105.134	139.270
98.489	261.484	2	1	1	126.957	105.134	139.270
99.044	262.316	2	1	1	132.896	105.134	139.270
99.599	263.148	2	1	1	136.268	105.134	139.270
100.153	263.980	2	1	1	135.574	105.134	139.270
100.708	264.812	2	1	1	135.856	105.134	139.270
101.263	265.644	2	1	1	132.650	105.134	139.270
101.817	266.476	2	1	1	128.027	105.134	139.270
102.372	267.308	2	1	1	135.286	105.134	139.270
102.927	268.140	2	1	1	135.439	105.134	139.270
103.481	268.972	2	1	1	126.848	105.134	139.270
104.036	269.804	2	1	1	125.945	105.134	139.270
104.591	270.636	2	1	1	124.328	105.134	139.270
105.149	271.466	2	1	1	120.378	105.134	139.270
105.717	272.289	2	1	1	124.810	105.134	139.270
106.286	273.112	2	1	1	126.610	105.134	139.270
106.854	273.935	2	1	1	133.082	105.134	139.270
107.422	274.758	2	1	1	131.989	105.134	139.270
107.990	275.581	2	1	1	134.669	105.134	139.270
108.558	276.403	2	1	1	133.534	105.134	139.270
109.126	277.226	2	1	1	135.419	105.134	139.270
109.695	278.049	2	1	1	130.525	105.134	139.270
110.263	278.872	2	1	1	125.688	105.134	139.270
110.831	279.695	2	1	1	122.882	105.134	139.270
111.399	280.518	2	1	1	126.275	105.134	139.270
111.967	281.341	2	1	1	125.659	105.134	139.270
112.647	282.075	2	1	1	119.769	105.134	139.270
113.421	282.708	2	1	1	126.025	105.134	139.270
114.195	283.341	2	1	1	121.696	105.134	139.270
114.969	283.974	2	1	1	122.618	105.134	139.270
115.743	284.608	2	1	1	125.340	105.134	139.270
116.517	285.241	2	1	1	126.026	105.134	139.270
117.291	285.874	2	1	1	127.032	105.134	139.270
118.064	286.507	2	1	1	132.463	105.134	139.270
118.838	287.141	2	1	1	122.307	105.134	139.270
119.612	287.774	2	1	1	121.817	105.134	139.270
120.386	288.407	2	1	1	122.410	105.134	139.270
121.160	289.040	2	1	1	126.086	105.134	139.270
121.934	289.673	2	1	1	122.979	105.134	139.270
122.708	290.307	2	1	1	125.693	105.134	139.270
123.502	290.915	2	1	1	121.516	105.134	139.270
124.338	291.463	2	1	1	122.153	105.134	139.270
125.175	292.011	2	1	1	122.552	105.134	139.270
126.011	292.559	2	1	1	126.473	105.134	139.270
126.848	293.107	2	1	1	125.946	105.134	139.270
127.684	293.655	2	1	1	125.468	105.134	139.270
128.521	294.203	2	1	1	124.245	105.134	139.270
129.357	294.751	2	1	1	126.826	105.134	139.270
130.194	295.299	2	1	1	125.110	105.134	139.270
131.030	295.847	2	1	1	125.702	105.134	139.270
131.867	296.395	2	1	1	119.568	105.134	139.270
132.703	296.943	2	1	1	124.953	105.134	139.270
133.539	297.491	2	1	1	129.896	105.134	139.270
134.376	298.039	2	1	1	128.465	105.134	139.270
135.212	298.587	2	1	1	130.319	105.134	139.270
136.049	299.135	2	1	1	129.981	105.134	139.270
136.885	299.683	2	1	1	125.065	105.134	139.270
137.722	300.231	2	1	1	119.285	105.134	139.270
138.627	300.656	2	1	1	121.389	105.134	139.270
139.535	301.076	2	1	1	126.608	105.134	139.270
140.442	301.496	2	1	1	124.130	105.134	139.270
141.350	301.916	2	1	1	122.036	105.134	139.270
142.257	302.337	2	1	1	127.233	105.134	139.270
143.164	302.757	2	1	1	126.219	105.134	139.270
144.072	303.177	2	1	1	131.024	105.134	139.270
144.979	303.597	2	1	1	132.020	105.134	139.270
145.887	304.017	2	1	1	137.597	105.134	139.270
146.794	304.437	2	1	1	135.640	105.134	139.270
147.702	304.857	2	1	1	135.269	105.134	139.270
148.609	305.277	2	1	1	142.934	105.134	139.270
149.517	305.698	2	1	1	138.956	105.134	139.270
150.424	306.118	2	1	1	128.964	105.134	139.270
151.336	306.527	2	1	1	136.730	105.134	139.270
152.290	306.828	2	1	1	129.562	105.134	139.270
153.244	307.128	2	1	1	132.825	105.134	139.270
154.198	307.428	2	1	1	126.929	105.134	139.270
155.152	307.728	2	1	1	126.438	105.134	139.270
156.106	308.029	2	1	1	128.242	105.134	139.270
157.060	308.329	2	1	1	130.010	105.134	139.270
158.013	308.629	2	1	1	126.687	105.134	139.270
158.967	308.930	2	1	1	127.321	105.134	139.270
159.921	309.230	2	1	1	130.508	105.134	139.270
160.875	309.530	2	1	1	141.661	105.134	139.270
161.829	309.830	2	1	1	135.038	105.134	139.270
162.783	310.131	2	1	1	136.023	105.134	139.270
163.737	310.431	2	1	1	136.123	105.134	139.270
164.690	310.731	2	1	1	131.988	105.134	139.270
165.625	311.088	2	1	1	132.293	105.134	139.270
166.557	311.448	2	1	1	131.082	105.134	139.270
167.490	311.809	2	1	1	130.524	105.134	139.270
168.423	312.169	2	1	1	129.928	105.134	139.270
169.356	312.530	2	1	1	136.817	105.134	139.270
170.289	312.890	2	1	1	130.664	105.134	139.270
171.221	313.250	2	1	1	133.691	105.134	139.270
172.154	313.611	2	1	1	135.136	105.134	139.270
173.087	313.971	2	1	1	135.604	105.134	139.270
174.020	314.332	2	1	1	137.803	105.134	139.270
174.953	314.692	2	1	1	137.158	105.134	139.270
175.879	315.067	2	1	1	133.587	105.134	139.270
176.766	315.529	2	1	1	131.157	105.134	139.270
177.653	315.992	2	1	1	133.245	105.134	139.270
178.540	316.454	2	1	1	138.902	105.134	139.270
179.427	316.916	2	1	1	137.809	105.134	139.270
180.314	317.378	2	1	1	134.640	105.134	139.270
181.201	317.840	2	1	1	133.812	105.134	139.270
182.087	318.302	2	1	1	133.517	105.134	139.270
182.974	318.764	2	1	1	129.249	105.134	139.270
183.861	319.226	2	1	1	132.252	105.134	139.270
184.748	319.688	2	1	1	127.297	105.134	139.270
185.635	320.150	2	1	1	126.726	105.134	139.270
186.621	320.314	2	1	1	127.298	105.134	139.270
187.609	320.467	2	1	1	127.944	105.134	139.270
188.598	320.620	2	1	1	129.364	105.134	139.270
189.586	320.773	2	1	1	130.068	105.134	139.270
190.574	320.926	2	1	1	134.170	105.134	139.270
191.562	321.079	2	1	1	131.169	105.134	139.270
192.551	321.232	2	1	1	131.528	105.134	139.270
193.539	321.385	2	1	1	133.413	105.134	139.270
194.527	321.538	2	1	1	134.958	105.134	139.270
195.515	321.691	2	1	1	136.401	105.134	139.270
196.504	321.844	2	1	1	138.482	105.134	139.270
197.492	321.997	2	1	1	137.106	105.134	139.270
198.480	322.150	2	1	1	132.325	105.134	139.270
199.468	322.303	2	1	1	129.690	105.134	139.270
200.468	322.284	2	1	1	133.333	105.134	139.270
201.466	322.223	2	1	1	131.392	105.134	139.270
202.464	322.162	2	1	1	134.570	105.134	139.270
203.462	322.100	2	1	1	139.562	105.134	139.270
204.461	322.039	2	1	1	139.380	105.134	139.270
205.459	321.978	2	1	1	138.635	105.134	139.270
206.457	321.917	2	1	1	137.187	105.134	139.270
207.455	321.856	2	1	1	131.163	105.134	139.270
208.453	321.794	2	1	1	128.986	105.134	139.270
209.451	321.733	2	1	1	127.460	105.134	139.270
210.449	321.672	2	1	1	125.645	105.134	139.270
211.447	321.611	2	1	1	124.556	105.134	139.270
212.446	321.549	2	1	1	124.196	105.134	139.270
213.440	321.444	2	1	1	124.594	105.134	139.270
214.398	321.159	2	1	1	125.610	105.134	139.270
215.357	320.874	2	1	1	125.721	105.134	139.270
216.316	320.589	2	1	1	123.901	105.134	139.270
217.274	320.304	2	1	1	122.300	105.134	139.270
218.233	320.019	2	1	1	122.585	105.134	139.270
219.191	319.734	2	1	1	125.628	105.134	139.270
220.150	319.449	2	1	1	128.414	105.134	139.270
221.108	319.164	2	1	1	125.108	105.134	139.270
222.067	318.879	2	1	1	125.276	105.134	139.270
222.995	318.507	2	1	1	128.145	105.134	139.270
223.892	318.065	2	1	1	129.358	105.134	139.270
224.789	317.623	2	1	1	127.339	105.134	139.270
225.687	317.182	2	1	1	122.724	105.134	139.270
226.584	316.740	2	1	1	126.122	105.134	139.270
227.481	316.299	2	1	1	124.421	105.134	139.270
228.378	315.857	2	1	1	124.093	105.134	139.270
229.276	315.416	2	1	1	124.625	105.134	139.270
230.173	314.974	2	1	1	128.923	105.134	139.270
231.070	314.533	2	1	1	125.304	105.134	139.270
231.967	314.091	2	1	1	129.355	105.134	139.270
232.865	313.650	2	1	1	133.808	105.134	139.270
233.762	313.208	2	1	1	128.756	105.134	139.270
234.659	312.767	2	1	1	131.142	105.134	139.270
235.556	312.325	2	1	1	125.893	105.134	139.270
236.454	311.884	2	1	1	122.963	105.134	139.270
237.351	311.442	2	1	1	127.893	105.134	139.270
238.248	311.001	2	1	1	123.523	105.134	139.270
239.136	310.541	2	1	1	131.136	105.134	139.270
240.024	310.081	2	1	1	126.340	105.134	139.270
240.912	309.621	2	1	1	124.835	105.134	139.270
241.800	309.161	2	1	1	128.282	105.134	139.270
242.688	308.702	2	1	1	122.555	105.134	139.270
243.576	308.242	2	1	1	126.342	105.134	139.270
244.464	307.782	2	1	1	121.593	105.134	139.270
245.352	307.322	2	1	1	128.768	105.134	139.270
246.240	306.862	2	1	1	126.658	105.134	139.270
247.128	306.402	2	1	1	125.552	105.134	139.270
248.016	305.943	2	1	1	130.456	105.134	139.270
248.904	305.483	2	1	1	124.232	105.134	139.270
249.792	305.023	2	1	1	123.673	105.134	139.270
250.680	304.563	2	1	1	129.955	105.134	139.270
251.568	304.103	2	1	1	132.931	105.134	139.270
252.458	303.646	2	1	1	133.618	105.134	139.270
253.352	303.199	2	1	1	126.623	105.134	139.270
254.247	302.752	2	1	1	132.276	105.134	139.270
255.141	302.305	2	1	1	128.489	105.134	139.270
256.035	301.857	2	1	1	133.778	105.134	139.270
256.930	301.410	2	1	1	133.574	105.134	139.270
257.824	300.963	2	1	1	129.803	105.134	139.270
258.722	300.523	2	1	1	134.469	105.134	139.270
259.623	300.089	2	1	1	134.326	105.134	139.270
260.524	299.655	2	1	1	136.945	105.134	139.270
261.425	299.221	2	1	1	133.427	105.134	139.270
262.326	298.787	2	1	1	137.281	105.134	139.270
263.227	298.354	2	1	1	133.724	105.134	139.270
264.128	297.920	2	1	1	128.990	105.134	139.270
265.027	297.482	2	1	1	130.844	105.134	139.270
265.859	296.927	2	1	1	129.127	105.134	139.270
266.691	296.372	2	1	1	130.717	105.134	139.270
267.523	295.818	2	1	1	136.380	105.134	139.270
268.355	295.263	2	1	1	147.936	105.134	139.270
269.187	294.708	2	1	1	147.343	105.134	139.270
270.019	294.154	2	1	1	147.237	105.134	139.270
270.852	293.599	2	1	1	147.857	105.134	139.270
271.684	293.044	2	1	1	148.522	105.134	139.270
272.516	292.490	2	1	1	147.029	105.134	139.270
273.348	291.935	2	1	1	150.239	105.134	139.270
274.180	291.380	2	1	1	146.827	105.134	139.270
275.012	290.826	2	1	1	143.548	105.134	139.270
275.852	290.284	2	1	1	142.544	105.134	139.270
276.705	289.761	2	1	1	145.536	105.134	139.270
277.557	289.238	2	1	1	134.725	105.134	139.270
278.409	288.715	2	1	1	136.739	105.134	139.270
279.262	288.192	2	1	1	142.541	105.134	139.270
280.114	287.669	2	1	1	142.565	105.134	139.270
280.966	287.146	2	1	1	139.972	105.134	139.270
281.819	286.623	2	1	1	137.032	105.134	139.270
282.671	286.100	2	1	1	128.986	105.134	139.270
283.523	285.577	2	1	1	132.990	105.134	139.270
284.376	285.054	2	1	1	131.296	105.134	139.270
285.228	284.531	2	1	1	132.345	105.134	139.270
286.080	284.008	2	1	1	135.277	105.134	139.270
286.924	283.471	2	1	1	137.899	105.134	139.270
287.760	282.922	2	1	1	150.868	105.134	139.270
288.596	282.373	2	1	1	146.337	105.134	139.270
289.431	281.824	2	1	1	147.757	105.134	139.270
290.267	281.275	2	1	1	146.554	105.134	139.270
291.103	280.725	2	1	1	150.480	105.134	139.270
291.938	280.176	2	1	1	143.079	105.134	139.270
292.774	279.627	2	1	1	133.779	105.134	139.270
293.610	279.078	2	1	1	132.757	105.134	139.270
294.446	278.529	2	1	1	134.805	105.134	139.270
295.278	277.974	2	1	1	130.727	105.134	139.270
296.007	277.289	2	1	1	119.949	105.134	139.270
296.735	276.605	2	1	1	128.627	105.134	139.270
297.464	275.920	2	1	1	130.392	105.134	139.270
298.193	275.235	2	1	1	124.459	105.134	139.270
298.922	274.551	2	1	1	122.437	105.134	139.270
299.651	273.866	2	1	1	129.690	105.134	139.270
300.380	273.181	2	1	1	126.057	105.134	139.270
301.108	272.497	2	1	1	125.182	105.134	139.270
301.837	271.812	2	1	1	121.694	105.134	139.270
302.566	271.127	2	1	1	131.235	105.134	139.270
303.295	270.443	2	1	1	126.295	105.134	139.270
303.964	269.700	2	1	1	130.988	105.134	139.270
304.609	268.935	2	1	1	133.964	105.134	139.270
305.254	268.171	2	1	1	134.628	105.134	139.270
305.899	267.407	2	1	1	138.024	105.134	139.270
306.544	266.642	2	1	1	129.899	105.134	139.270
307.189	265.878	2	1	1	131.682	105.134	139.270
307.834	265.114	2	1	1	133.294	105.134	139.270
308.478	264.350	2	1	1	131.859	105.134	139.270
309.123	263.585	2	1	1	134.935	105.134	139.270
309.768	262.821	2	1	1	132.243	105.134	139.270
310.392	262.040	2	1	1	137.516	105.134	139.270
310.952	261.211	2	1	1	127.853	105.134	139.270
311.511	260.382	2	1	1	134.008	105.134	139.270
312.070	259.553	2	1	1	136.165	105.134	139.270
312.630	258.724	2	1	1	142.225	105.134	139.270
313.189	257.895	2	1	1	133.446	105.134	139.270
313.749	257.066	2	1	1	131.391	105.134	139.270
314.308	256.238	2	1	1	139.526	105.134	139.270
314.868	255.409	2	1	1	134.681	105.134	139.270
315.427	254.580	2	1	1	133.028	105.134	139.270
315.987	253.751	2	1	1	130.253	105.134	139.270
316.546	252.922	2	1	1	133.838	105.134	139.270
317.074	252.073	2	1	1	131.265	105.134	139.270
317.460	251.150	2	1	1	124.235	105.134	139.270
317.846	250.228	2	1	1	127.885	105.134	139.270
318.232	249.305	2	1	1	125.961	105.134	139.270
318.617	248.383	2	1	1	132.330	105.134	139.270
319.003	247.460	2	1	1	131.480	105.134	139.270
319.389	246.537	2	1	1	136.950	105.134	139.270
319.775	245.615	2	1	1	133.229	105.134	139.270
320.161	244.692	2	1	1	136.356	105.134	139.270
320.546	243.770	2	1	1	134.077	105.134	139.270
320.932	242.847	2	1	1	131.766	105.134	139.270
321.318	241.924	2	1	1	132.475	105.134	139.270
321.704	241.002	2	1	1	127.482	105.134	139.270
322.090	240.079	2	1	1	137.521	105.134	139.270
322.475	239.157	2	1	1	135.127	105.134	139.270
322.851	238.230	2	1	1	136.102	105.134	139.270
323.202	237.294	2	1	1	147.538	105.134	139.270
323.553	236.357	2	1	1	144.055	105.134	139.270
323.905	235.421	2	1	1	145.073	105.134	139.270
324.256	234.485	2	1	1	142.188	105.134	139.270
324.607	233.548	2	1	1	134.174	105.134	139.270
324.958	232.612	2	1	1	132.790	105.134	139.270
325.309	231.676	2	1	1	129.319	105.134	139.270
325.660	230.739	2	1	1	138.026	105.134	139.270
326.011	229.803	2	1	1	140.548	105.134	139.270
326.362	228.867	2	1	1	132.497	105.134	139.270
326.659	227.912	2	1	1	127.388	105.134	139.270
326.920	226.946	2	1	1	132.391	105.134	139.270
327.181	225.981	2	1	1	131.069	105.134	139.270
327.442	225.016	2	1	1	131.394	105.134	139.270
327.703	224.050	2	1	1	135.479	105.134	139.270
327.964	223.085	2	1	1	124.724	105.134	139.270
328.224	222.120	2	1	1	127.625	105.134	139.270
328.485	221.154	2	1	1	132.601	105.134	139.270
328.746	220.189	2	1	1	134.833	105.134	139.270
329.001	219.222	2	1	1	125.992	105.134	139.270
329.023	218.222	2	1	1	139.763	105.134	139.270
329.046	217.222	2	1	1	136.673	105.134	139.270
329.069	216.222	2	1	1	134.425	105.134	139.270
329.092	215.223	2	1	1	126.624	105.134	139.270
329.114	214.223	2	1	1	141.102	105.134	139.270
329.137	213.223	2	1	1	132.256	105.134	139.270
329.160	212.224	2	1	1	127.006	105.134	139.270
329.182	211.224	2	1	1	133.421	105.134	139.270
329.205	210.224	2	1	1	137.439	105.134	139.270
329.228	209.224	2	1	1	134.849	105.134	139.270
329.247	208.224	2	1	1	127.687	105.134	139.270
329.123	207.232	2	1	1	129.853	105.134	139.270
328.999	206.240	2	1	1	136.033	105.134	139.270
328.875	205.248	2	1	1	131.644	105.134	139.270
328.751	204.255	2	1	1	134.014	105.134	139.270
328.627	203.263	2	1	1	127.418	105.134	139.270
328.503	202.271	2	1	1	121.252	105.134	139.270
328.379	201.279	2	1	1	124.548	105.134	139.270
328.255	200.286	2	1	1	128.245	105.134	139.270
328.130	199.294	2	1	1	131.014	105.134	139.270
328.006	198.302	2	1	1	131.385	105.134	139.270
327.882	197.309	2	1	1	134.133	105.134	139.270
327.758	196.317	2	1	1	129.493	105.134	139.270
327.634	195.325	2	1	1	128.695	105.134	139.270
327.510	194.333	2	1	1	132.516	105.134	139.270
327.233	193.372	2	1	1	132.282	105.134	139.270
326.942	192.415	2	1	1	126.910	105.134	139.270
326.650	191.459	2	1	1	138.726	105.134	139.270
326.359	190.502	2	1	1	139.140	105.134	139.270
326.068	189.545	2	1	1	135.477	105.134	139.270
325.777	188.589	2	1	1	142.194	105.134	139.270
325.486	187.632	2	1	1	132.364	105.134	139.270
325.195	186.675	2	1	1	141.631	105.134	139.270
324.903	185.718	2	1	1	140.075	105.134	139.270
324.612	184.762	2	1	1	137.203	105.134	139.270
324.321	183.805	2	1	1	141.796	105.134	139.270
324.030	182.848	2	1	1	144.040	105.134	139.270
323.640	181.928	2	1	1	143.107	105.134	139.270
323.239	181.011	2	1	1	143.361	105.134	139.270
322.839	180.095	2	1	1	137.824	105.134	139.270
322.438	179.179	2	1	1	142.991	105.134	139.270
322.037	178.263	2	1	1	142.076	105.134	139.270
321.636	177.347	2	1	1	147.180	105.134	139.270
321.235	176.431	2	1	1	137.815	105.134	139.270
320.834	175.514	2	1	1	137.876	105.134	139.270
320.434	174.598	2	1	1	146.593	105.134	139.270
320.033	173.682	2	1	1	147.332	105.134	139.270
319.632	172.766	2	1	1	134.812	105.134	139.270
319.231	171.850	2	1	1	133.307	105.134	139.270
318.830	170.934	2	1	1	141.741	105.134	139.270
318.462	170.004	2	1	1	141.307	105.134	139.270
318.101	169.071	2	1	1	144.684	105.134	139.270
317.741	168.138	2	1	1	141.775	105.134	139.270
317.381	167.206	2	1	1	136.842	105.134	139.270
317.020	166.273	2	1	1	144.232	105.134	139.270
316.660	165.340	2	1	1	141.875	105.134	139.270
316.299	164.407	2	1	1	138.622	105.134	139.270
315.939	163.474	2	1	1	148.828	105.134	139.270
315.579	162.542	2	1	1	141.273	105.134	139.270
315.218	161.609	2	1	1	146.118	105.134	139.270
314.858	160.676	2	1	1	141.050	105.134	139.270
314.497	159.743	2	1	1	151.005	105.134	139.270
314.096	158.827	2	1	1	153.862	105.134	139.270
313.695	157.911	2	1	1	148.630	105.134	139.270
313.295	156.995	2	1	1	150.765	105.134	139.270
312.894	156.079	2	1	1	144.883	105.134	139.270
312.493	155.163	2	1	1	149.000	105.134	139.270
312.092	154.246	2	1	1	151.938	105.134	139.270
311.691	153.330	2	1	1	156.995	105.134	139.270
311.291	152.414	2	1	1	151.552	105.134	139.270
310.890	151.498	2	1	1	149.681	105.134	139.270
310.489	150.582	2	1	1	151.440	105.134	139.270
310.088	149.666	2	1	1	149.384	105.134	139.270
309.687	148.750	2	1	1	140.948	105.134	139.270
309.286	147.833	2	1	1	134.745	105.134	139.270
308.812	146.953	2	1	1	138.761	105.134	139.270
308.331	146.076	2	1	1	141.218	105.134	139.270
307.850	145.200	2	1	1	133.639	105.134	139.270
307.369	144.323	2	1	1	130.325	105.134	139.270
306.887	143.447	2	1	1	132.421	105.134	139.270
306.406	142.570	2	1	1	132.358	105.134	139.270
305.925	141.693	2	1	1	140.445	105.134	139.270
305.444	140.817	2	1	1	136.785	105.134	139.270
304.962	139.940	2	1	1	142.795	105.134	139.270
304.481	139.064	2	1	1	137.092	105.134	139.270
304.000	138.187	2	1	1	146.655	105.134	139.270
303.519	137.311	2	1	1	142.672	105.134	139.270
303.037	136.434	2	1	1	141.920	105.134	139.270
302.556	135.557	2	1	1	136.922	105.134	139.270
302.082	134.677	2	1	1	143.683	105.134	139.270
301.619	133.790	2	1	1	142.649	105.134	139.270
301.156	132.904	2	1	1	141.205	105.134	139.270
300.694	132.017	2	1	1	141.707	105.134	139.270
300.231	131.131	2	1	1	143.102	105.134	139.270
299.769	130.244	2	1	1	138.519	105.134	139.270
299.306	129.358	2	1	1	139.369	105.134	139.270
298.844	128.471	2	1	1	141.525	105.134	139.270
298.381	127.584	2	1	1	142.381	105.134	139.270
297.918	126.698	2	1	1	134.913	105.134	139.270
297.456	125.811	2	1	1	140.009	105.134	139.270
296.993	124.925	2	1	1	142.539	105.134	139.270
296.531	124.038	2	1	1	134.396	105.134	139.270
296.068	123.151	2	1	1	135.367	105.134	139.270
295.606	122.265	2	1	1	135.797	105.134	139.270
295.143	121.378	2	1	1	128.145	105.134	139.270
294.680	120.492	2	1	1	131.668	105.134	139.270
294.218	119.605	2	1	1	133.912	105.134	139.270
293.755	118.719	2	1	1	138.495	105.134	139.270
293.293	117.832	2	1	1	135.149	105.134	139.270
292.675	117.045	2	1	1	136.230	105.134	139.270
292.043	116.271	2	1	1	146.409	105.134	139.270
291.411	115.496	2	1	1	143.166	105.134	139.270
290.779	114.721	2	1	1	138.945	105.134	139.270
290.147	113.946	2	1	1	137.096	105.134	139.270
289.515	113.171	2	1	1	144.786	105.134	139.270
288.882	112.396	2	1	1	139.998	105.134	139.270
288.250	111.621	2	1	1	143.136	105.134	139.270
287.618	110.847	2	1	1	151.039	105.134	139.270
286.986	110.072	2	1	1	140.611	105.134	139.270
286.354	109.297	2	1	1	136.133	105.134	139.270
285.722	108.522	2	1	1	129.547	105.134	139.270
285.017	107.813	2	1	1	131.632	105.134	139.270
284.275	107.142	2	1	1	127.062	105.134	139.270
283.534	106.471	2	1	1	126.425	105.134	139.270
282.792	105.800	2	1	1	124.455	105.134	139.270
282.051	105.129	2	1	1	121.341	105.134	139.270
281.309	104.458	2	1	1	124.892	105.134	139.270
280.568	103.787	2	1	1	123.008	105.134	139.270
279.826	103.116	2	1	1	133.913	105.134	139.270
279.084	102.445	2	1	1	131.024	105.134	139.270
278.343	101.775	2	1	1	127.714	105.134	139.270
277.601	101.104	2	1	1	126.596	105.134	139.270
276.860	100.433	2	1	1	123.602	105.134	139.270
276.118	99.762	2	1	1	124.399	105.134	139.270
275.377	99.091	2	1	1	119.528	105.134	139.270
274.559	98.515	2	1	1	128.668	105.134	139.270
273.676	98.045	2	1	1	120.571	105.134	139.270
272.794	97.576	2	1	1	120.475	105.134	139.270
271.911	97.106	2	1	1	131.710	105.134	139.270
271.028	96.636	2	1	1	137.329	105.134	139.270
270.145	96.166	2	1	1	137.296	105.134	139.270
269.263	95.696	2	1	1	140.696	105.134	139.270
268.380	95.226	2	1	1	142.014	105.134	139.270
267.497	94.757	2	1	1	135.524	105.134	139.270
266.614	94.287	2	1	1	136.767	105.134	139.270
265.732	93.817	2	1	1	132.067	105.134	139.270
264.849	93.347	2	1	1	128.441	105.134	139.270
263.966	92.877	2	1	1	131.823	105.134	139.270
263.083	92.407	2	1	1	135.864	105.134	139.270
262.201	91.937	2	1	1	135.649	105.134	139.270
261.318	91.468	2	1	1	133.083	105.134	139.270
260.435	90.998	2	1	1	129.327	105.134	139.270
259.552	90.528	2	1	1	122.049	105.134	139.270
258.626	90.151	2	1	1	126.407	105.134	139.270
257.698	89.779	2	1	1	123.829	105.134	139.270
256.769	89.408	2	1	1	123.720	105.134	139.270
255.841	89.036	2	1	1	126.345	105.134	139.270
254.912	88.665	2	1	1	133.263	105.134	139.270
253.984	88.294	2	1	1	125.771	105.134	139.270
253.055	87.922	2	1	1	127.776	105.134	139.270
252.127	87.551	2	1	1	130.832	105.134	139.270
251.198	87.179	2	1	1	126.551	105.134	139.270
250.270	86.808	2	1	1	118.776	105.134	139.270
249.342	86.437	2	1	1	123.345	105.134	139.270
248.413	86.065	2	1	1	122.672	105.134	139.270
247.485	85.694	2	1	1	118.038	105.134	139.270
246.556	85.322	2	1	1	124.815	105.134	139.270
245.628	84.951	2	1	1	127.099	105.134	139.270
244.699	84.580	2	1	1	119.468	105.134	139.270
243.771	84.208	2	1	1	121.725	105.134	139.270
242.817	83.907	2	1	1	118.992	105.134	139.270
241.839	83.698	2	1	1	116.711	105.134	139.270
240.861	83.488	2	1	1	118.917	105.134	139.270
239.884	83.279	2	1	1	117.071	105.134	139.270
238.906	83.069	2	1	1	122.215	105.134	139.270
237.928	82.860	2	1	1	129.504	105.134	139.270
236.950	82.650	2	1	1	123.535	105.134	139.270
235.972	82.441	2	1	1	124.348	105.134	139.270
234.995	82.231	2	1	1	126.017	105.134	139.270
234.017	82.021	2	1	1	118.746	105.134	139.270
233.039	81.812	2	1	1	122.912	105.134	139.270
232.061	81.602	2	1	1	128.162	105.134	139.270
231.083	81.393	2	1	1	127.915	105.134	139.270
230.106	81.183	2	1	1	124.616	105.134	139.270
229.122	81.003	2	1	1	131.660	105.134	139.270
228.122	81.023	2	1	1	135.128	105.134	139.270
227.123	81.043	2	1	1	126.458	105.134	139.270
226.123	81.064	2	1	1	127.248	105.134	139.270
225.123	81.084	2	1	1	121.477	105.134	139.270
224.123	81.105	2	1	1	126.627	105.134	139.270
223.123	81.125	2	1	1	125.014	105.134	139.270
222.124	81.145	2	1	1	126.918	105.134	139.270
221.124	81.166	2	1	1	135.185	105.134	139.270
220.124	81.186	2	1	1	129.557	105.134	139.270
219.124	81.207	2	1	1	134.230	105.134	139.270
218.124	81.227	2	1	1	121.637	105.134	139.270
217.125	81.247	2	1	1	129.506	105.134	139.270
216.125	81.278	2	1	1	128.194	105.134	139.270
215.126	81.310	2	1	1	130.937	105.134	139.270
214.126	81.341	2	1	1	125.307	105.134	139.270
213.127	81.373	2	1	1	124.565	105.134	139.270
212.127	81.405	2	1	1	131.184	105.134	139.270
211.128	81.436	2	1	1	126.076	105.134	139.270
210.128	81.468	2	1	1	127.848	105.134	139.270
209.129	81.500	2	1	1	126.170	105.134	139.270
208.129	81.532	2	1	1	119.335	105.134	139.270
207.130	81.563	2	1	1	130.606	105.134	139.270
206.130	81.595	2	1	1	129.811	105.134	139.270
205.131	81.627	2	1	1	135.306	105.134	139.270
204.131	81.659	2	1	1	129.220	105.134	139.270
203.132	81.690	2	1	1	128.487	105.134	139.270
202.132	81.722	2	1	1	127.342	105.134	139.270
201.133	81.772	2	1	1	117.942	105.134	139.270
200.151	81.957	2	1	1	122.313	105.134	139.270
199.168	82.142	2	1	1	123.184	105.134	139.270
198.185	82.327	2	1	1	122.555	105.134	139.270
197.203	82.513	2	1	1	127.792	105.134	139.270
196.220	82.698	2	1	1	122.477	105.134	139.270
195.237	82.883	2	1	1	118.907	105.134	139.270
194.254	83.068	2	1	1	127.946	105.134	139.270
193.272	83.253	2	1	1	127.809	105.134	139.270
192.289	83.438	2	1	1	123.758	105.134	139.270
191.306	83.623	2	1	1	126.507	105.134	139.270
190.324	83.809	2	1	1	130.396	105.134	139.270
189.341	83.994	2	1	1	125.786	105.134	139.270
188.358	84.179	2	1	1	123.675	105.134	139.270
187.375	84.364	2	1	1	123.097	105.134	139.270
186.393	84.549	2	1	1	127.314	105.134	139.270
185.410	84.734	2	1	1	124.202	105.134	139.270
184.427	84.919	2	1	1	121.303	105.134	139.270
