X	Y	C	Z	T	Intensity	BG	MX
178.500	87.250	3	1	1	121.122	109.040	200.358
177.574	87.628	3	1	1	124.607	109.040	200.358
176.648	88.005	3	1	1	120.944	109.040	200.358
175.722	88.383	3	1	1	116.053	109.040	200.358
174.796	88.761	3	1	1	118.508	109.040	200.358
173.870	89.138	3	1	1	118.164	109.040	200.358
172.944	89.516	3	1	1	121.168	109.040	200.358
172.018	89.892	3	1	1	119.955	109.040	200.358
171.087	90.258	3	1	1	115.418	109.040	200.358
170.156	90.623	3	1	1	117.939	109.040	200.358
169.225	90.989	3	1	1	125.380	109.040	200.358
168.295	91.354	3	1	1	119.694	109.040	200.358
167.364	91.720	3	1	1	116.287	109.040	200.358
166.433	92.086	3	1	1	116.643	109.040	200.358
165.502	92.451	3	1	1	121.320	109.040	200.358
164.572	92.817	3	1	1	114.778	109.040	200.358
163.641	93.183	3	1	1	118.469	109.040	200.358
162.721	93.576	3	1	1	116.299	109.040	200.358
161.893	94.136	3	1	1	115.288	109.040	200.358
161.064	94.695	3	1	1	116.660	109.040	200.358
160.236	95.255	3	1	1	122.390	109.040	200.358
159.407	95.815	3	1	1	122.199	109.040	200.358
158.578	96.375	3	1	1	115.337	109.040	200.358
157.750	96.935	3	1	1	119.313	109.040	200.358
156.921	97.495	3	1	1	116.132	109.040	200.358
156.093	98.055	3	1	1	116.098	109.040	200.358
155.264	98.614	3	1	1	115.832	109.040	200.358
154.435	99.174	3	1	1	115.747	109.040	200.358
153.607	99.734	3	1	1	118.748	109.040	200.358
152.778	100.294	3	1	1	117.627	109.040	200.358
151.950	100.854	3	1	1	117.129	109.040	200.358
151.121	101.414	3	1	1	118.521	109.040	200.358
150.288	101.967	3	1	1	123.985	109.040	200.358
149.444	102.502	3	1	1	117.363	109.040	200.358
148.599	103.037	3	1	1	118.050	109.040	200.358
147.754	103.573	3	1	1	123.401	109.040	200.358
146.909	104.108	3	1	1	117.217	109.040	200.358
146.064	104.643	3	1	1	120.487	109.040	200.358
145.219	105.178	3	1	1	123.057	109.040	200.358
144.375	105.713	3	1	1	116.239	109.040	200.358
143.530	106.248	3	1	1	122.421	109.040	200.358
142.685	106.783	3	1	1	113.058	109.040	200.358
141.840	107.318	3	1	1	118.479	109.040	200.358
140.995	107.853	3	1	1	121.668	109.040	200.358
140.127	108.349	3	1	1	119.265	109.040	200.358
139.229	108.789	3	1	1	115.551	109.040	200.358
138.331	109.229	3	1	1	117.088	109.040	200.358
137.433	109.669	3	1	1	122.883	109.040	200.358
136.535	110.109	3	1	1	118.720	109.040	200.358
135.637	110.549	3	1	1	111.782	109.040	200.358
134.739	110.988	3	1	1	119.342	109.040	200.358
133.841	111.428	3	1	1	121.928	109.040	200.358
132.943	111.868	3	1	1	123.713	109.040	200.358
132.143	112.468	3	1	1	119.683	109.040	200.358
131.608	113.313	3	1	1	116.896	109.040	200.358
131.074	114.159	3	1	1	117.778	109.040	200.358
130.540	115.004	3	1	1	115.146	109.040	200.358
130.006	115.849	3	1	1	110.846	109.040	200.358
129.471	116.695	3	1	1	114.275	109.040	200.358
128.937	117.540	3	1	1	115.951	109.040	200.358
128.403	118.385	3	1	1	119.684	109.040	200.358
127.868	119.231	3	1	1	115.617	109.040	200.358
127.334	120.076	3	1	1	118.940	109.040	200.358
126.800	120.921	3	1	1	117.782	109.040	200.358
126.159	121.689	3	1	1	119.514	109.040	200.358
125.509	122.448	3	1	1	123.205	109.040	200.358
124.858	123.208	3	1	1	117.355	109.040	200.358
124.207	123.967	3	1	1	117.968	109.040	200.358
123.556	124.726	3	1	1	117.176	109.040	200.358
122.905	125.485	3	1	1	113.044	109.040	200.358
122.255	126.245	3	1	1	118.847	109.040	200.358
121.604	127.004	3	1	1	111.425	109.040	200.358
120.953	127.763	3	1	1	115.217	109.040	200.358
120.302	128.522	3	1	1	111.700	109.040	200.358
119.651	129.282	3	1	1	113.480	109.040	200.358
119.005	130.044	3	1	1	118.816	109.040	200.358
118.364	130.813	3	1	1	114.551	109.040	200.358
117.724	131.581	3	1	1	115.920	109.040	200.358
117.084	132.349	3	1	1	114.158	109.040	200.358
116.444	133.117	3	1	1	119.929	109.040	200.358
115.804	133.886	3	1	1	117.445	109.040	200.358
115.164	134.654	3	1	1	118.007	109.040	200.358
114.523	135.422	3	1	1	113.005	109.040	200.358
113.883	136.190	3	1	1	111.406	109.040	200.358
113.243	136.958	3	1	1	111.979	109.040	200.358
112.603	137.727	3	1	1	112.614	109.040	200.358
111.963	138.495	3	1	1	116.052	109.040	200.358
111.349	139.285	3	1	1	111.576	109.040	200.358
110.749	140.085	3	1	1	111.605	109.040	200.358
110.149	140.885	3	1	1	115.384	109.040	200.358
109.549	141.685	3	1	1	111.047	109.040	200.358
108.949	142.485	3	1	1	114.000	109.040	200.358
108.349	143.285	3	1	1	114.560	109.040	200.358
107.749	144.085	3	1	1	116.816	109.040	200.358
107.149	144.885	3	1	1	114.632	109.040	200.358
106.549	145.685	3	1	1	110.827	109.040	200.358
105.949	146.485	3	1	1	113.251	109.040	200.358
105.349	147.285	3	1	1	116.658	109.040	200.358
104.730	148.070	3	1	1	111.080	109.040	200.358
104.086	148.835	3	1	1	113.321	109.040	200.358
103.442	149.600	3	1	1	122.614	109.040	200.358
102.798	150.365	3	1	1	115.711	109.040	200.358
102.154	151.130	3	1	1	113.254	109.040	200.358
101.510	151.895	3	1	1	114.447	109.040	200.358
100.866	152.660	3	1	1	111.292	109.040	200.358
100.221	153.425	3	1	1	110.946	109.040	200.358
99.577	154.189	3	1	1	112.465	109.040	200.358
98.933	154.954	3	1	1	117.543	109.040	200.358
98.296	155.725	3	1	1	115.759	109.040	200.358
97.751	156.564	3	1	1	113.968	109.040	200.358
97.207	157.402	3	1	1	119.071	109.040	200.358
96.663	158.241	3	1	1	112.509	109.040	200.358
96.118	159.080	3	1	1	112.597	109.040	200.358
95.574	159.919	3	1	1	112.067	109.040	200.358
95.029	160.758	3	1	1	112.593	109.040	200.358
94.485	161.597	3	1	1	110.113	109.040	200.358
93.941	162.436	3	1	1	113.546	109.040	200.358
93.396	163.274	3	1	1	113.615	109.040	200.358
93.070	164.220	3	1	1	112.229	109.040	200.358
92.828	165.190	3	1	1	113.348	109.040	200.358
92.585	166.160	3	1	1	113.093	109.040	200.358
92.342	167.130	3	1	1	110.912	109.040	200.358
92.100	168.100	3	1	1	112.792	109.040	200.358
91.857	169.070	3	1	1	112.087	109.040	200.358
91.615	170.041	3	1	1	113.943	109.040	200.358
91.372	171.011	3	1	1	112.116	109.040	200.358
91.130	171.981	3	1	1	110.206	109.040	200.358
90.887	172.951	3	1	1	113.160	109.040	200.358
90.645	173.921	3	1	1	114.416	109.040	200.358
90.472	174.906	3	1	1	113.027	109.040	200.358
90.402	175.904	3	1	1	110.875	109.040	200.358
90.332	176.901	3	1	1	111.100	109.040	200.358
90.261	177.899	3	1	1	111.786	109.040	200.358
90.191	178.896	3	1	1	112.822	109.040	200.358
90.121	179.894	3	1	1	112.277	109.040	200.358
90.051	180.891	3	1	1	113.402	109.040	200.358
89.981	181.889	3	1	1	113.729	109.040	200.358
89.911	182.886	3	1	1	113.980	109.040	200.358
89.841	183.884	3	1	1	111.064	109.040	200.358
89.771	184.881	3	1	1	114.106	109.040	200.358
89.701	185.879	3	1	1	107.566	109.040	200.358
89.631	186.877	3	1	1	108.623	109.040	200.358
89.561	187.874	3	1	1	110.358	109.040	200.358
89.465	188.869	3	1	1	109.783	109.040	200.358
89.181	189.828	3	1	1	115.873	109.040	200.358
88.898	190.787	3	1	1	113.977	109.040	200.358
88.615	191.746	3	1	1	111.440	109.040	200.358
88.331	192.706	3	1	1	107.312	109.040	200.358
88.048	193.665	3	1	1	105.841	109.040	200.358
87.765	194.624	3	1	1	108.524	109.040	200.358
87.481	195.583	3	1	1	107.482	109.040	200.358
87.198	196.542	3	1	1	110.169	109.040	200.358
86.915	197.501	3	1	1	109.993	109.040	200.358
86.631	198.460	3	1	1	108.367	109.040	200.358
86.348	199.419	3	1	1	112.070	109.040	200.358
86.151	200.399	3	1	1	108.101	109.040	200.358
86.000	201.388	3	1	1	109.540	109.040	200.358
85.849	202.376	3	1	1	113.687	109.040	200.358
85.699	203.365	3	1	1	111.723	109.040	200.358
85.548	204.353	3	1	1	106.957	109.040	200.358
85.397	205.342	3	1	1	108.231	109.040	200.358
85.246	206.330	3	1	1	107.634	109.040	200.358
85.095	207.319	3	1	1	109.181	109.040	200.358
84.945	208.308	3	1	1	112.807	109.040	200.358
84.794	209.296	3	1	1	113.341	109.040	200.358
84.643	210.285	3	1	1	109.063	109.040	200.358
84.492	211.273	3	1	1	111.458	109.040	200.358
84.341	212.262	3	1	1	112.883	109.040	200.358
84.191	213.250	3	1	1	111.433	109.040	200.358
84.040	214.239	3	1	1	109.708	109.040	200.358
84.070	215.238	3	1	1	110.450	109.040	200.358
84.165	216.234	3	1	1	107.814	109.040	200.358
84.260	217.229	3	1	1	107.946	109.040	200.358
84.355	218.225	3	1	1	107.751	109.040	200.358
84.450	219.220	3	1	1	107.752	109.040	200.358
84.544	220.216	3	1	1	108.391	109.040	200.358
84.639	221.211	3	1	1	107.380	109.040	200.358
84.734	222.207	3	1	1	105.893	109.040	200.358
84.829	223.202	3	1	1	108.932	109.040	200.358
84.924	224.198	3	1	1	106.215	109.040	200.358
85.031	225.192	3	1	1	107.190	109.040	200.358
85.192	226.179	3	1	1	101.179	109.040	200.358
85.353	227.166	3	1	1	101.533	109.040	200.358
85.513	228.153	3	1	1	109.034	109.040	200.358
85.674	229.140	3	1	1	106.140	109.040	200.358
85.835	230.127	3	1	1	105.821	109.040	200.358
85.995	231.114	3	1	1	102.328	109.040	200.358
86.156	232.101	3	1	1	107.826	109.040	200.358
86.317	233.088	3	1	1	107.042	109.040	200.358
86.477	234.075	3	1	1	114.470	109.040	200.358
86.638	235.062	3	1	1	109.640	109.040	200.358
86.890	236.030	3	1	1	102.915	109.040	200.358
87.337	236.924	3	1	1	109.018	109.040	200.358
87.784	237.819	3	1	1	105.496	109.040	200.358
88.232	238.713	3	1	1	106.095	109.040	200.358
88.679	239.608	3	1	1	105.039	109.040	200.358
89.126	240.502	3	1	1	102.331	109.040	200.358
89.573	241.397	3	1	1	108.623	109.040	200.358
90.020	242.291	3	1	1	107.550	109.040	200.358
90.468	243.185	3	1	1	104.498	109.040	200.358
90.915	244.080	3	1	1	107.200	109.040	200.358
91.362	244.974	3	1	1	108.741	109.040	200.358
91.809	245.869	3	1	1	106.898	109.040	200.358
92.256	246.764	3	1	1	103.349	109.040	200.358
92.635	247.689	3	1	1	107.118	109.040	200.358
93.015	248.614	3	1	1	106.948	109.040	200.358
93.395	249.539	3	1	1	106.928	109.040	200.358
93.775	250.464	3	1	1	108.032	109.040	200.358
94.155	251.389	3	1	1	107.591	109.040	200.358
94.535	252.314	3	1	1	103.988	109.040	200.358
94.915	253.239	3	1	1	109.636	109.040	200.358
95.295	254.164	3	1	1	112.930	109.040	200.358
95.675	255.089	3	1	1	107.596	109.040	200.358
96.055	256.014	3	1	1	108.219	109.040	200.358
96.435	256.939	3	1	1	107.089	109.040	200.358
96.815	257.864	3	1	1	110.261	109.040	200.358
97.195	258.789	3	1	1	109.357	109.040	200.358
97.574	259.714	3	1	1	108.945	109.040	200.358
97.954	260.639	3	1	1	108.987	109.040	200.358
98.489	261.484	3	1	1	108.418	109.040	200.358
99.044	262.316	3	1	1	105.191	109.040	200.358
99.599	263.148	3	1	1	108.327	109.040	200.358
100.153	263.980	3	1	1	107.548	109.040	200.358
100.708	264.812	3	1	1	109.350	109.040	200.358
101.263	265.644	3	1	1	108.214	109.040	200.358
101.817	266.476	3	1	1	108.865	109.040	200.358
102.372	267.308	3	1	1	107.794	109.040	200.358
102.927	268.140	3	1	1	108.963	109.040	200.358
103.481	268.972	3	1	1	111.141	109.040	200.358
104.036	269.804	3	1	1	108.392	109.040	200.358
104.591	270.636	3	1	1	105.717	109.040	200.358
105.149	271.466	3	1	1	108.253	109.040	200.358
105.717	272.289	3	1	1	108.939	109.040	200.358
106.286	273.112	3	1	1	108.125	109.040	200.358
106.854	273.935	3	1	1	110.797	109.040	200.358
107.422	274.758	3	1	1	107.949	109.040	200.358
107.990	275.581	3	1	1	110.888	109.040	200.358
108.558	276.403	3	1	1	108.631	109.040	200.358
109.126	277.226	3	1	1	105.994	109.040	200.358
109.695	278.049	3	1	1	108.714	109.040	200.358
110.263	278.872	3	1	1	103.947	109.040	200.358
110.831	279.695	3	1	1	106.957	109.040	200.358
111.399	280.518	3	1	1	109.208	109.040	200.358
111.967	281.341	3	1	1	108.069	109.040	200.358
112.647	282.075	3	1	1	111.163	109.040	200.358
113.421	282.708	3	1	1	111.399	109.040	200.358
114.195	283.341	3	1	1	110.955	109.040	200.358
114.969	283.974	3	1	1	106.294	109.040	200.358
115.743	284.608	3	1	1	110.330	109.040	200.358
116.517	285.241	3	1	1	110.206	109.040	200.358
117.291	285.874	3	1	1	110.846	109.040	200.358
118.064	286.507	3	1	1	112.977	109.040	200.358
118.838	287.141	3	1	1	116.351	109.040	200.358
119.612	287.774	3	1	1	111.373	109.040	200.358
120.386	288.407	3	1	1	109.516	109.040	200.358
121.160	289.040	3	1	1	107.266	109.040	200.358
121.934	289.673	3	1	1	111.973	109.040	200.358
122.708	290.307	3	1	1	112.678	109.040	200.358
123.502	290.915	3	1	1	112.389	109.040	200.358
124.338	291.463	3	1	1	111.091	109.040	200.358
125.175	292.011	3	1	1	114.419	109.040	200.358
126.011	292.559	3	1	1	111.157	109.040	200.358
126.848	293.107	3	1	1	102.563	109.040	200.358
127.684	293.655	3	1	1	109.499	109.040	200.358
128.521	294.203	3	1	1	108.838	109.040	200.358
129.357	294.751	3	1	1	110.413	109.040	200.358
130.194	295.299	3	1	1	110.352	109.040	200.358
131.030	295.847	3	1	1	110.253	109.040	200.358
131.867	296.395	3	1	1	109.178	109.040	200.358
132.703	296.943	3	1	1	111.376	109.040	200.358
133.539	297.491	3	1	1	113.608	109.040	200.358
134.376	298.039	3	1	1	113.275	109.040	200.358
135.212	298.587	3	1	1	116.178	109.040	200.358
136.049	299.135	3	1	1	112.950	109.040	200.358
136.885	299.683	3	1	1	110.594	109.040	200.358
137.722	300.231	3	1	1	111.110	109.040	200.358
138.627	300.656	3	1	1	108.782	109.040	200.358
139.535	301.076	3	1	1	105.994	109.040	200.358
140.442	301.496	3	1	1	109.526	109.040	200.358
141.350	301.916	3	1	1	110.187	109.040	200.358
142.257	302.337	3	1	1	113.206	109.040	200.358
143.164	302.757	3	1	1	115.041	109.040	200.358
144.072	303.177	3	1	1	110.153	109.040	200.358
144.979	303.597	3	1	1	115.002	109.040	200.358
145.887	304.017	3	1	1	114.425	109.040	200.358
146.794	304.437	3	1	1	111.571	109.040	200.358
147.702	304.857	3	1	1	115.272	109.040	200.358
148.609	305.277	3	1	1	109.200	109.040	200.358
149.517	305.698	3	1	1	111.433	109.040	200.358
150.424	306.118	3	1	1	114.759	109.040	200.358
151.336	306.527	3	1	1	114.511	109.040	200.358
152.290	306.828	3	1	1	115.968	109.040	200.358
153.244	307.128	3	1	1	114.962	109.040	200.358
154.198	307.428	3	1	1	117.531	109.040	200.358
155.152	307.728	3	1	1	114.498	109.040	200.358
156.106	308.029	3	1	1	112.248	109.040	200.358
157.060	308.329	3	1	1	117.177	109.040	200.358
158.013	308.629	3	1	1	115.047	109.040	200.358
158.967	308.930	3	1	1	121.432	109.040	200.358
159.921	309.230	3	1	1	119.289	109.040	200.358
160.875	309.530	3	1	1	118.376	109.040	200.358
161.829	309.830	3	1	1	116.945	109.040	200.358
162.783	310.131	3	1	1	115.402	109.040	200.358
163.737	310.431	3	1	1	116.505	109.040	200.358
164.690	310.731	3	1	1	115.743	109.040	200.358
165.625	311.088	3	1	1	116.372	109.040	200.358
166.557	311.448	3	1	1	118.084	109.040	200.358
167.490	311.809	3	1	1	116.419	109.040	200.358
168.423	312.169	3	1	1	112.238	109.040	200.358
169.356	312.530	3	1	1	117.663	109.040	200.358
170.289	312.890	3	1	1	122.447	109.040	200.358
171.221	313.250	3	1	1	118.109	109.040	200.358
172.154	313.611	3	1	1	118.086	109.040	200.358
173.087	313.971	3	1	1	114.850	109.040	200.358
174.020	314.332	3	1	1	118.041	109.040	200.358
174.953	314.692	3	1	1	112.665	109.040	200.358
175.879	315.067	3	1	1	113.351	109.040	200.358
176.766	315.529	3	1	1	119.428	109.040	200.358
177.653	315.992	3	1	1	118.973	109.040	200.358
178.540	316.454	3	1	1	120.529	109.040	200.358
179.427	316.916	3	1	1	114.843	109.040	200.358
180.314	317.378	3	1	1	119.017	109.040	200.358
181.201	317.840	3	1	1	118.426	109.040	200.358
182.087	318.302	3	1	1	118.730	109.040	200.358
182.974	318.764	3	1	1	118.238	109.040	200.358
183.861	319.226	3	1	1	119.334	109.040	200.358
184.748	319.688	3	1	1	120.387	109.040	200.358
185.635	320.150	3	1	1	119.365	109.040	200.358
186.621	320.314	3	1	1	124.703	109.040	200.358
187.609	320.467	3	1	1	124.074	109.040	200.358
188.598	320.620	3	1	1	124.592	109.040	200.358
189.586	320.773	3	1	1	119.810	109.040	200.358
190.574	320.926	3	1	1	116.462	109.040	200.358
191.562	321.079	3	1	1	122.750	109.040	200.358
192.551	321.232	3	1	1	125.240	109.040	200.358
193.539	321.385	3	1	1	120.656	109.040	200.358
194.527	321.538	3	1	1	119.561	109.040	200.358
195.515	321.691	3	1	1	120.105	109.040	200.358
196.504	321.844	3	1	1	115.642	109.040	200.358
197.492	321.997	3	1	1	120.307	109.040	200.358
198.480	322.150	3	1	1	122.296	109.040	200.358
199.468	322.303	3	1	1	118.117	109.040	200.358
200.468	322.284	3	1	1	118.718	109.040	200.358
201.466	322.223	3	1	1	123.477	109.040	200.358
202.464	322.162	3	1	1	121.642	109.040	200.358
203.462	322.100	3	1	1	121.842	109.040	200.358
204.461	322.039	3	1	1	122.696	109.040	200.358
205.459	321.978	3	1	1	122.414	109.040	200.358
206.457	321.917	3	1	1	126.352	109.040	200.358
207.455	321.856	3	1	1	123.425	109.040	200.358
208.453	321.794	3	1	1	122.296	109.040	200.358
209.451	321.733	3	1	1	126.289	109.040	200.358
210.449	321.672	3	1	1	123.020	109.040	200.358
211.447	321.611	3	1	1	123.286	109.040	200.358
212.446	321.549	3	1	1	122.568	109.040	200.358
213.440	321.444	3	1	1	120.626	109.040	200.358
214.398	321.159	3	1	1	121.871	109.040	200.358
215.357	320.874	3	1	1	120.967	109.040	200.358
216.316	320.589	3	1	1	123.952	109.040	200.358
217.274	320.304	3	1	1	122.558	109.040	200.358
218.233	320.019	3	1	1	127.106	109.040	200.358
219.191	319.734	3	1	1	124.927	109.040	200.358
220.150	319.449	3	1	1	124.999	109.040	200.358
221.108	319.164	3	1	1	123.090	109.040	200.358
222.067	318.879	3	1	1	130.001	109.040	200.358
222.995	318.507	3	1	1	124.445	109.040	200.358
223.892	318.065	3	1	1	124.086	109.040	200.358
224.789	317.623	3	1	1	124.537	109.040	200.358
225.687	317.182	3	1	1	122.127	109.040	200.358
226.584	316.740	3	1	1	119.775	109.040	200.358
227.481	316.299	3	1	1	121.901	109.040	200.358
228.378	315.857	3	1	1	128.465	109.040	200.358
229.276	315.416	3	1	1	122.614	109.040	200.358
230.173	314.974	3	1	1	122.657	109.040	200.358
231.070	314.533	3	1	1	122.767	109.040	200.358
231.967	314.091	3	1	1	125.286	109.040	200.358
232.865	313.650	3	1	1	126.551	109.040	200.358
233.762	313.208	3	1	1	123.346	109.040	200.358
234.659	312.767	3	1	1	124.659	109.040	200.358
235.556	312.325	3	1	1	131.612	109.040	200.358
236.454	311.884	3	1	1	121.119	109.040	200.358
237.351	311.442	3	1	1	121.855	109.040	200.358
238.248	311.001	3	1	1	125.559	109.040	200.358
239.136	310.541	3	1	1	127.382	109.040	200.358
240.024	310.081	3	1	1	122.866	109.040	200.358
240.912	309.621	3	1	1	123.055	109.040	200.358
241.800	309.161	3	1	1	127.386	109.040	200.358
242.688	308.702	3	1	1	125.134	109.040	200.358
243.576	308.242	3	1	1	123.331	109.040	200.358
244.464	307.782	3	1	1	130.764	109.040	200.358
245.352	307.322	3	1	1	127.929	109.040	200.358
246.240	306.862	3	1	1	128.676	109.040	200.358
247.128	306.402	3	1	1	132.194	109.040	200.358
248.016	305.943	3	1	1	127.754	109.040	200.358
248.904	305.483	3	1	1	123.153	109.040	200.358
249.792	305.023	3	1	1	132.663	109.040	200.358
250.680	304.563	3	1	1	127.938	109.040	200.358
251.568	304.103	3	1	1	131.733	109.040	200.358
252.458	303.646	3	1	1	131.596	109.040	200.358
253.352	303.199	3	1	1	126.780	109.040	200.358
254.247	302.752	3	1	1	125.258	109.040	200.358
255.141	302.305	3	1	1	130.322	109.040	200.358
256.035	301.857	3	1	1	132.714	109.040	200.358
256.930	301.410	3	1	1	135.388	109.040	200.358
257.824	300.963	3	1	1	129.264	109.040	200.358
258.722	300.523	3	1	1	135.001	109.040	200.358
259.623	300.089	3	1	1	129.264	109.040	200.358
260.524	299.655	3	1	1	133.204	109.040	200.358
261.425	299.221	3	1	1	126.871	109.040	200.358
262.326	298.787	3	1	1	133.426	109.040	200.358
263.227	298.354	3	1	1	130.039	109.040	200.358
264.128	297.920	3	1	1	129.680	109.040	200.358
265.027	297.482	3	1	1	127.208	109.040	200.358
265.859	296.927	3	1	1	126.587	109.040	200.358
266.691	296.372	3	1	1	123.863	109.040	200.358
267.523	295.818	3	1	1	127.695	109.040	200.358
268.355	295.263	3	1	1	134.149	109.040	200.358
269.187	294.708	3	1	1	129.704	109.040	200.358
270.019	294.154	3	1	1	120.898	109.040	200.358
270.852	293.599	3	1	1	126.179	109.040	200.358
271.684	293.044	3	1	1	130.530	109.040	200.358
272.516	292.490	3	1	1	128.436	109.040	200.358
273.348	291.935	3	1	1	130.109	109.040	200.358
274.180	291.380	3	1	1	127.791	109.040	200.358
275.012	290.826	3	1	1	130.282	109.040	200.358
275.852	290.284	3	1	1	133.247	109.040	200.358
276.705	289.761	3	1	1	133.859	109.040	200.358
277.557	289.238	3	1	1	124.033	109.040	200.358
278.409	288.715	3	1	1	130.488	109.040	200.358
279.262	288.192	3	1	1	132.769	109.040	200.358
280.114	287.669	3	1	1	126.202	109.040	200.358
280.966	287.146	3	1	1	134.876	109.040	200.358
281.819	286.623	3	1	1	130.703	109.040	200.358
282.671	286.100	3	1	1	134.471	109.040	200.358
283.523	285.577	3	1	1	141.393	109.040	200.358
284.376	285.054	3	1	1	132.610	109.040	200.358
285.228	284.531	3	1	1	130.464	109.040	200.358
286.080	284.008	3	1	1	130.733	109.040	200.358
286.924	283.471	3	1	1	133.778	109.040	200.358
287.760	282.922	3	1	1	131.507	109.040	200.358
288.596	282.373	3	1	1	126.418	109.040	200.358
289.431	281.824	3	1	1	127.832	109.040	200.358
290.267	281.275	3	1	1	129.218	109.040	200.358
291.103	280.725	3	1	1	141.222	109.040	200.358
291.938	280.176	3	1	1	133.414	109.040	200.358
292.774	279.627	3	1	1	133.376	109.040	200.358
293.610	279.078	3	1	1	130.489	109.040	200.358
294.446	278.529	3	1	1	128.626	109.040	200.358
295.278	277.974	3	1	1	141.019	109.040	200.358
296.007	277.289	3	1	1	133.052	109.040	200.358
296.735	276.605	3	1	1	129.192	109.040	200.358
297.464	275.920	3	1	1	132.200	109.040	200.358
298.193	275.235	3	1	1	127.807	109.040	200.358
298.922	274.551	3	1	1	134.682	109.040	200.358
299.651	273.866	3	1	1	142.681	109.040	200.358
300.380	273.181	3	1	1	130.975	109.040	200.358
301.108	272.497	3	1	1	134.993	109.040	200.358
301.837	271.812	3	1	1	129.940	109.040	200.358
302.566	271.127	3	1	1	125.760	109.040	200.358
303.295	270.443	3	1	1	129.067	109.040	200.358
303.964	269.700	3	1	1	128.613	109.040	200.358
304.609	268.935	3	1	1	129.862	109.040	200.358
305.254	268.171	3	1	1	129.364	109.040	200.358
305.899	267.407	3	1	1	134.171	109.040	200.358
306.544	266.642	3	1	1	136.655	109.040	200.358
307.189	265.878	3	1	1	127.782	109.040	200.358
307.834	265.114	3	1	1	134.555	109.040	200.358
308.478	264.350	3	1	1	137.516	109.040	200.358
309.123	263.585	3	1	1	128.575	109.040	200.358
309.768	262.821	3	1	1	129.500	109.040	200.358
310.392	262.040	3	1	1	130.605	109.040	200.358
310.952	261.211	3	1	1	136.658	109.040	200.358
311.511	260.382	3	1	1	134.303	109.040	200.358
312.070	259.553	3	1	1	129.051	109.040	200.358
312.630	258.724	3	1	1	125.896	109.040	200.358
313.189	257.895	3	1	1	123.939	109.040	200.358
313.749	257.066	3	1	1	122.687	109.040	200.358
314.308	256.238	3	1	1	131.954	109.040	200.358
314.868	255.409	3	1	1	129.558	109.040	200.358
315.427	254.580	3	1	1	127.032	109.040	200.358
315.987	253.751	3	1	1	132.530	109.040	200.358
316.546	252.922	3	1	1	136.069	109.040	200.358
317.074	252.073	3	1	1	134.294	109.040	200.358
317.460	251.150	3	1	1	132.109	109.040	200.358
317.846	250.228	3	1	1	131.377	109.040	200.358
318.232	249.305	3	1	1	126.740	109.040	200.358
318.617	248.383	3	1	1	129.636	109.040	200.358
319.003	247.460	3	1	1	130.515	109.040	200.358
319.389	246.537	3	1	1	127.329	109.040	200.358
319.775	245.615	3	1	1	132.253	109.040	200.358
320.161	244.692	3	1	1	126.186	109.040	200.358
320.546	243.770	3	1	1	125.985	109.040	200.358
320.932	242.847	3	1	1	124.644	109.040	200.358
321.318	241.924	3	1	1	127.896	109.040	200.358
321.704	241.002	3	1	1	130.228	109.040	200.358
322.090	240.079	3	1	1	123.285	109.040	200.358
322.475	239.157	3	1	1	126.256	109.040	200.358
322.851	238.230	3	1	1	121.151	109.040	200.358
323.202	237.294	3	1	1	126.799	109.040	200.358
323.553	236.357	3	1	1	126.641	109.040	200.358
323.905	235.421	3	1	1	126.259	109.040	200.358
324.256	234.485	3	1	1	129.463	109.040	200.358
324.607	233.548	3	1	1	126.751	109.040	200.358
324.958	232.612	3	1	1	127.350	109.040	200.358
325.309	231.676	3	1	1	126.789	109.040	200.358
325.660	230.739	3	1	1	126.807	109.040	200.358
326.011	229.803	3	1	1	126.673	109.040	200.358
326.362	228.867	3	1	1	125.193	109.040	200.358
326.659	227.912	3	1	1	122.360	109.040	200.358
326.920	226.946	3	1	1	123.978	109.040	200.358
327.181	225.981	3	1	1	126.167	109.040	200.358
327.442	225.016	3	1	1	121.503	109.040	200.358
327.703	224.050	3	1	1	118.486	109.040	200.358
327.964	223.085	3	1	1	122.587	109.040	200.358
328.224	222.120	3	1	1	127.954	109.040	200.358
328.485	221.154	3	1	1	124.487	109.040	200.358
328.746	220.189	3	1	1	123.169	109.040	200.358
329.001	219.222	3	1	1	120.444	109.040	200.358
329.023	218.222	3	1	1	124.295	109.040	200.358
329.046	217.222	3	1	1	121.028	109.040	200.358
329.069	216.222	3	1	1	121.711	109.040	200.358
329.092	215.223	3	1	1	132.308	109.040	200.358
329.114	214.223	3	1	1	125.377	109.040	200.358
329.137	213.223	3	1	1	119.814	109.040	200.358
329.160	212.224	3	1	1	123.178	109.040	200.358
329.182	211.224	3	1	1	128.243	109.040	200.358
329.205	210.224	3	1	1	130.421	109.040	200.358
329.228	209.224	3	1	1	124.658	109.040	200.358
329.247	208.224	3	1	1	129.842	109.040	200.358
329.123	207.232	3	1	1	127.803	109.040	200.358
328.999	206.240	3	1	1	128.862	109.040	200.358
328.875	205.248	3	1	1	122.067	109.040	200.358
328.751	204.255	3	1	1	122.698	109.040	200.358
328.627	203.263	3	1	1	123.373	109.040	200.358
328.503	202.271	3	1	1	123.027	109.040	200.358
328.379	201.279	3	1	1	121.692	109.040	200.358
328.255	200.286	3	1	1	121.629	109.040	200.358
328.130	199.294	3	1	1	120.798	109.040	200.358
328.006	198.302	3	1	1	125.794	109.040	200.358
327.882	197.309	3	1	1	122.686	109.040	200.358
327.758	196.317	3	1	1	123.471	109.040	200.358
327.634	195.325	3	1	1	125.416	109.040	200.358
327.510	194.333	3	1	1	119.563	109.040	200.358
327.233	193.372	3	1	1	120.342	109.040	200.358
326.942	192.415	3	1	1	123.197	109.040	200.358
326.650	191.459	3	1	1	126.128	109.040	200.358
326.359	190.502	3	1	1	126.381	109.040	200.358
326.068	189.545	3	1	1	123.395	109.040	200.358
325.777	188.589	3	1	1	126.289	109.040	200.358
325.486	187.632	3	1	1	129.910	109.040	200.358
325.195	186.675	3	1	1	128.848	109.040	200.358
324.903	185.718	3	1	1	125.641	109.040	200.358
324.612	184.762	3	1	1	124.352	109.040	200.358
324.321	183.805	3	1	1	124.690	109.040	200.358
324.030	182.848	3	1	1	117.953	109.040	200.358
323.640	181.928	3	1	1	117.052	109.040	200.358
323.239	181.011	3	1	1	120.995	109.040	200.358
322.839	180.095	3	1	1	123.716	109.040	200.358
322.438	179.179	3	1	1	124.495	109.040	200.358
322.037	178.263	3	1	1	119.236	109.040	200.358
321.636	177.347	3	1	1	119.146	109.040	200.358
321.235	176.431	3	1	1	123.345	109.040	200.358
320.834	175.514	3	1	1	119.061	109.040	200.358
320.434	174.598	3	1	1	119.280	109.040	200.358
320.033	173.682	3	1	1	117.561	109.040	200.358
319.632	172.766	3	1	1	123.067	109.040	200.358
319.231	171.850	3	1	1	122.833	109.040	200.358
318.830	170.934	3	1	1	125.497	109.040	200.358
318.462	170.004	3	1	1	126.702	109.040	200.358
318.101	169.071	3	1	1	125.596	109.040	200.358
317.741	168.138	3	1	1	122.498	109.040	200.358
317.381	167.206	3	1	1	120.323	109.040	200.358
317.020	166.273	3	1	1	120.324	109.040	200.358
316.660	165.340	3	1	1	121.166	109.040	200.358
316.299	164.407	3	1	1	120.346	109.040	200.358
315.939	163.474	3	1	1	123.429	109.040	200.358
315.579	162.542	3	1	1	126.663	109.040	200.358
315.218	161.609	3	1	1	121.465	109.040	200.358
314.858	160.676	3	1	1	122.225	109.040	200.358
314.497	159.743	3	1	1	120.179	109.040	200.358
314.096	158.827	3	1	1	121.718	109.040	200.358
313.695	157.911	3	1	1	120.724	109.040	200.358
313.295	156.995	3	1	1	122.296	109.040	200.358
312.894	156.079	3	1	1	120.430	109.040	200.358
312.493	155.163	3	1	1	128.309	109.040	200.358
312.092	154.246	3	1	1	121.569	109.040	200.358
311.691	153.330	3	1	1	125.053	109.040	200.358
311.291	152.414	3	1	1	120.837	109.040	200.358
310.890	151.498	3	1	1	120.492	109.040	200.358
310.489	150.582	3	1	1	121.460	109.040	200.358
310.088	149.666	3	1	1	117.331	109.040	200.358
309.687	148.750	3	1	1	121.748	109.040	200.358
309.286	147.833	3	1	1	118.638	109.040	200.358
308.812	146.953	3	1	1	115.864	109.040	200.358
308.331	146.076	3	1	1	121.570	109.040	200.358
307.850	145.200	3	1	1	125.476	109.040	200.358
307.369	144.323	3	1	1	126.220	109.040	200.358
306.887	143.447	3	1	1	129.615	109.040	200.358
306.406	142.570	3	1	1	124.844	109.040	200.358
305.925	141.693	3	1	1	129.846	109.040	200.358
305.444	140.817	3	1	1	126.270	109.040	200.358
304.962	139.940	3	1	1	120.175	109.040	200.358
304.481	139.064	3	1	1	121.189	109.040	200.358
304.000	138.187	3	1	1	123.125	109.040	200.358
303.519	137.311	3	1	1	124.278	109.040	200.358
303.037	136.434	3	1	1	121.403	109.040	200.358
302.556	135.557	3	1	1	118.472	109.040	200.358
302.082	134.677	3	1	1	121.296	109.040	200.358
301.619	133.790	3	1	1	117.296	109.040	200.358
301.156	132.904	3	1	1	118.570	109.040	200.358
300.694	132.017	3	1	1	121.482	109.040	200.358
300.231	131.131	3	1	1	122.959	109.040	200.358
299.769	130.244	3	1	1	119.906	109.040	200.358
299.306	129.358	3	1	1	115.667	109.040	200.358
298.844	128.471	3	1	1	122.468	109.040	200.358
298.381	127.584	3	1	1	125.892	109.040	200.358
297.918	126.698	3	1	1	123.300	109.040	200.358
297.456	125.811	3	1	1	120.341	109.040	200.358
296.993	124.925	3	1	1	128.807	109.040	200.358
296.531	124.038	3	1	1	130.544	109.040	200.358
296.068	123.151	3	1	1	124.167	109.040	200.358
295.606	122.265	3	1	1	126.013	109.040	200.358
295.143	121.378	3	1	1	123.272	109.040	200.358
294.680	120.492	3	1	1	119.765	109.040	200.358
294.218	119.605	3	1	1	123.532	109.040	200.358
293.755	118.719	3	1	1	128.608	109.040	200.358
293.293	117.832	3	1	1	122.575	109.040	200.358
292.675	117.045	3	1	1	124.437	109.040	200.358
292.043	116.271	3	1	1	124.238	109.040	200.358
291.411	115.496	3	1	1	122.515	109.040	200.358
290.779	114.721	3	1	1	122.101	109.040	200.358
290.147	113.946	3	1	1	121.057	109.040	200.358
289.515	113.171	3	1	1	123.759	109.040	200.358
288.882	112.396	3	1	1	128.718	109.040	200.358
288.250	111.621	3	1	1	129.139	109.040	200.358
287.618	110.847	3	1	1	124.311	109.040	200.358
286.986	110.072	3	1	1	127.769	109.040	200.358
286.354	109.297	3	1	1	126.986	109.040	200.358
285.722	108.522	3	1	1	131.619	109.040	200.358
285.017	107.813	3	1	1	129.680	109.040	200.358
284.275	107.142	3	1	1	123.953	109.040	200.358
283.534	106.471	3	1	1	125.245	109.040	200.358
282.792	105.800	3	1	1	127.181	109.040	200.358
282.051	105.129	3	1	1	127.638	109.040	200.358
281.309	104.458	3	1	1	118.873	109.040	200.358
280.568	103.787	3	1	1	122.611	109.040	200.358
279.826	103.116	3	1	1	126.464	109.040	200.358
279.084	102.445	3	1	1	127.778	109.040	200.358
278.343	101.775	3	1	1	121.427	109.040	200.358
277.601	101.104	3	1	1	120.586	109.040	200.358
276.860	100.433	3	1	1	120.617	109.040	200.358
276.118	99.762	3	1	1	126.315	109.040	200.358
275.377	99.091	3	1	1	125.173	109.040	200.358
274.559	98.515	3	1	1	122.136	109.040	200.358
273.676	98.045	3	1	1	124.321	109.040	200.358
272.794	97.576	3	1	1	121.821	109.040	200.358
271.911	97.106	3	1	1	120.661	109.040	200.358
271.028	96.636	3	1	1	125.283	109.040	200.358
270.145	96.166	3	1	1	124.384	109.040	200.358
269.263	95.696	3	1	1	126.423	109.040	200.358
268.380	95.226	3	1	1	130.278	109.040	200.358
267.497	94.757	3	1	1	127.306	109.040	200.358
266.614	94.287	3	1	1	125.270	109.040	200.358
265.732	93.817	3	1	1	122.626	109.040	200.358
264.849	93.347	3	1	1	124.109	109.040	200.358
263.966	92.877	3	1	1	121.668	109.040	200.358
263.083	92.407	3	1	1	125.050	109.040	200.358
262.201	91.937	3	1	1	127.873	109.040	200.358
261.318	91.468	3	1	1	130.373	109.040	200.358
260.435	90.998	3	1	1	122.233	109.040	200.358
259.552	90.528	3	1	1	120.450	109.040	200.358
258.626	90.151	3	1	1	123.883	109.040	200.358
257.698	89.779	3	1	1	125.025	109.040	200.358
256.769	89.408	3	1	1	124.799	109.040	200.358
255.841	89.036	3	1	1	122.589	109.040	200.358
254.912	88.665	3	1	1	123.625	109.040	200.358
253.984	88.294	3	1	1	125.131	109.040	200.358
253.055	87.922	3	1	1	119.895	109.040	200.358
252.127	87.551	3	1	1	120.255	109.040	200.358
251.198	87.179	3	1	1	121.649	109.040	200.358
250.270	86.808	3	1	1	121.683	109.040	200.358
249.342	86.437	3	1	1	123.000	109.040	200.358
248.413	86.065	3	1	1	119.918	109.040	200.358
247.485	85.694	3	1	1	122.198	109.040	200.358
246.556	85.322	3	1	1	125.211	109.040	200.358
245.628	84.951	3	1	1	131.832	109.040	200.358
244.699	84.580	3	1	1	123.954	109.040	200.358
243.771	84.208	3	1	1	124.835	109.040	200.358
242.817	83.907	3	1	1	129.585	109.040	200.358
241.839	83.698	3	1	1	129.089	109.040	200.358
240.861	83.488	3	1	1	125.328	109.040	200.358
239.884	83.279	3	1	1	125.092	109.040	200.358
238.906	83.069	3	1	1	125.553	109.040	200.358
237.928	82.860	3	1	1	124.344	109.040	200.358
236.950	82.650	3	1	1	122.242	109.040	200.358
235.972	82.441	3	1	1	122.302	109.040	200.358
234.995	82.231	3	1	1	127.913	109.040	200.358
234.017	82.021	3	1	1	125.855	109.040	200.358
233.039	81.812	3	1	1	120.953	109.040	200.358
232.061	81.602	3	1	1	121.743	109.040	200.358
231.083	81.393	3	1	1	120.528	109.040	200.358
230.106	81.183	3	1	1	121.079	109.040	200.358
229.122	81.003	3	1	1	126.747	109.040	200.358
228.122	81.023	3	1	1	125.036	109.040	200.358
227.123	81.043	3	1	1	124.655	109.040	200.358
226.123	81.064	3	1	1	123.674	109.040	200.358
225.123	81.084	3	1	1	126.544	109.040	200.358
224.123	81.105	3	1	1	117.855	109.040	200.358
223.123	81.125	3	1	1	114.666	109.040	200.358
222.124	81.145	3	1	1	123.249	109.040	200.358
221.124	81.166	3	1	1	130.401	109.040	200.358
220.124	81.186	3	1	1	117.593	109.040	200.358
219.124	81.207	3	1	1	116.300	109.040	200.358
218.124	81.227	3	1	1	118.027	109.040	200.358
217.125	81.247	3	1	1	122.612	109.040	200.358
216.125	81.278	3	1	1	127.239	109.040	200.358
215.126	81.310	3	1	1	121.800	109.040	200.358
214.126	81.341	3	1	1	125.432	109.040	200.358
213.127	81.373	3	1	1	124.284	109.040	200.358
212.127	81.405	3	1	1	121.987	109.040	200.358
211.128	81.436	3	1	1	121.459	109.040	200.358
210.128	81.468	3	1	1	123.404	109.040	200.358
209.129	81.500	3	1	1	124.953	109.040	200.358
208.129	81.532	3	1	1	125.416	109.040	200.358
207.130	81.563	3	1	1	119.414	109.040	200.358
206.130	81.595	3	1	1	121.607	109.040	200.358
205.131	81.627	3	1	1	125.654	109.040	200.358
204.131	81.659	3	1	1	127.983	109.040	200.358
203.132	81.690	3	1	1	127.949	109.040	200.358
202.132	81.722	3	1	1	122.793	109.040	200.358
201.133	81.772	3	1	1	122.050	109.040	200.358
200.151	81.957	3	1	1	120.406	109.040	200.358
199.168	82.142	3	1	1	117.787	109.040	200.358
198.185	82.327	3	1	1	120.796	109.040	200.358
197.203	82.513	3	1	1	129.414	109.040	200.358
196.220	82.698	3	1	1	122.712	109.040	200.358
195.237	82.883	3	1	1	126.610	109.040	200.358
194.254	83.068	3	1	1	126.026	109.040	200.358
193.272	83.253	3	1	1	123.611	109.040	200.358
192.289	83.438	3	1	1	121.586	109.040	200.358
191.306	83.623	3	1	1	121.341	109.040	200.358
190.324	83.809	3	1	1	122.581	109.040	200.358
189.341	83.994	3	1	1	117.525	109.040	200.358
188.358	84.179	3	1	1	118.066	109.040	200.358
187.375	84.364	3	1	1	116.781	109.040	200.358
186.393	84.549	3	1	1	121.075	109.040	200.358
185.410	84.734	3	1	1	122.454	109.040	200.358
184.427	84.919	3	1	1	121.352	109.040	200.358
