X	Y	C	Z	T	Intensity	BG	MX
113.833	118.167	2	1	1	183.266	109.173	126.258
113.141	118.888	2	1	1	191.969	109.173	126.258
112.448	119.609	2	1	1	192.193	109.173	126.258
111.755	120.330	2	1	1	185.396	109.173	126.258
111.062	121.051	2	1	1	187.478	109.173	126.258
110.370	121.773	2	1	1	181.953	109.173	126.258
109.677	122.494	2	1	1	187.085	109.173	126.258
108.984	123.215	2	1	1	196.627	109.173	126.258
108.292	123.936	2	1	1	189.377	109.173	126.258
107.629	124.685	2	1	1	169.594	109.173	126.258
107.081	125.522	2	1	1	155.260	109.173	126.258
106.533	126.358	2	1	1	155.165	109.173	126.258
105.985	127.194	2	1	1	160.814	109.173	126.258
105.437	128.031	2	1	1	160.240	109.173	126.258
104.889	128.867	2	1	1	170.665	109.173	126.258
104.341	129.704	2	1	1	169.516	109.173	126.258
103.793	130.540	2	1	1	173.282	109.173	126.258
103.245	131.377	2	1	1	176.303	109.173	126.258
102.745	132.243	2	1	1	191.494	109.173	126.258
102.285	133.131	2	1	1	188.143	109.173	126.258
101.825	134.019	2	1	1	173.137	109.173	126.258
101.365	134.907	2	1	1	167.370	109.173	126.258
100.905	135.795	2	1	1	161.872	109.173	126.258
100.445	136.683	2	1	1	160.356	109.173	126.258
99.986	137.571	2	1	1	161.036	109.173	126.258
99.526	138.459	2	1	1	175.496	109.173	126.258
99.097	139.362	2	1	1	185.150	109.173	126.258
98.683	140.273	2	1	1	182.231	109.173	126.258
98.269	141.183	2	1	1	177.341	109.173	126.258
97.855	142.093	2	1	1	167.712	109.173	126.258
97.442	143.004	2	1	1	170.138	109.173	126.258
97.028	143.914	2	1	1	163.213	109.173	126.258
96.614	144.824	2	1	1	155.604	109.173	126.258
96.200	145.735	2	1	1	151.525	109.173	126.258
95.786	146.645	2	1	1	142.894	109.173	126.258
95.373	147.555	2	1	1	141.937	109.173	126.258
94.988	148.479	2	1	1	150.502	109.173	126.258
94.878	149.473	2	1	1	160.176	109.173	126.258
94.767	150.466	2	1	1	169.979	109.173	126.258
94.656	151.460	2	1	1	170.061	109.173	126.258
94.545	152.454	2	1	1	172.501	109.173	126.258
94.435	153.448	2	1	1	165.663	109.173	126.258
94.324	154.442	2	1	1	159.610	109.173	126.258
94.213	155.436	2	1	1	162.356	109.173	126.258
94.102	156.430	2	1	1	170.461	109.173	126.258
93.992	157.423	2	1	1	189.117	109.173	126.258
93.881	158.417	2	1	1	203.557	109.173	126.258
93.770	159.411	2	1	1	205.569	109.173	126.258
93.659	160.405	2	1	1	202.055	109.173	126.258
93.548	161.399	2	1	1	200.262	109.173	126.258
93.344	162.378	2	1	1	183.735	109.173	126.258
93.070	163.339	2	1	1	170.986	109.173	126.258
92.795	164.301	2	1	1	167.746	109.173	126.258
92.520	165.262	2	1	1	153.500	109.173	126.258
92.246	166.224	2	1	1	157.456	109.173	126.258
91.971	167.185	2	1	1	158.352	109.173	126.258
91.696	168.147	2	1	1	155.600	109.173	126.258
91.421	169.108	2	1	1	155.209	109.173	126.258
91.147	170.070	2	1	1	162.819	109.173	126.258
90.872	171.031	2	1	1	162.123	109.173	126.258
90.597	171.993	2	1	1	173.193	109.173	126.258
90.323	172.955	2	1	1	179.087	109.173	126.258
90.102	173.930	2	1	1	176.911	109.173	126.258
89.954	174.919	2	1	1	164.407	109.173	126.258
89.806	175.908	2	1	1	168.375	109.173	126.258
89.657	176.897	2	1	1	157.570	109.173	126.258
89.509	177.886	2	1	1	152.663	109.173	126.258
89.360	178.875	2	1	1	156.073	109.173	126.258
89.212	179.864	2	1	1	152.204	109.173	126.258
89.064	180.852	2	1	1	162.487	109.173	126.258
88.915	181.841	2	1	1	153.867	109.173	126.258
88.767	182.830	2	1	1	154.283	109.173	126.258
88.619	183.819	2	1	1	143.625	109.173	126.258
88.470	184.808	2	1	1	147.333	109.173	126.258
88.322	185.797	2	1	1	143.353	109.173	126.258
88.174	186.786	2	1	1	148.378	109.173	126.258
88.167	187.786	2	1	1	158.044	109.173	126.258
88.167	188.786	2	1	1	159.106	109.173	126.258
88.167	189.786	2	1	1	159.840	109.173	126.258
88.167	190.786	2	1	1	143.141	109.173	126.258
88.167	191.786	2	1	1	155.047	109.173	126.258
88.167	192.786	2	1	1	143.620	109.173	126.258
88.167	193.786	2	1	1	145.633	109.173	126.258
88.167	194.786	2	1	1	147.027	109.173	126.258
88.167	195.786	2	1	1	138.805	109.173	126.258
88.167	196.786	2	1	1	141.162	109.173	126.258
88.167	197.786	2	1	1	147.247	109.173	126.258
88.167	198.786	2	1	1	142.340	109.173	126.258
88.167	199.786	2	1	1	139.266	109.173	126.258
88.167	200.786	2	1	1	136.656	109.173	126.258
88.167	201.786	2	1	1	127.387	109.173	126.258
88.167	202.786	2	1	1	129.741	109.173	126.258
88.167	203.786	2	1	1	138.488	109.173	126.258
88.167	204.786	2	1	1	136.165	109.173	126.258
88.167	205.786	2	1	1	138.899	109.173	126.258
88.177	206.786	2	1	1	136.857	109.173	126.258
88.213	207.785	2	1	1	140.144	109.173	126.258
88.248	208.785	2	1	1	140.799	109.173	126.258
88.284	209.784	2	1	1	135.646	109.173	126.258
88.320	210.783	2	1	1	129.254	109.173	126.258
88.355	211.783	2	1	1	132.795	109.173	126.258
88.391	212.782	2	1	1	136.116	109.173	126.258
88.427	213.782	2	1	1	137.974	109.173	126.258
88.462	214.781	2	1	1	135.237	109.173	126.258
88.498	215.780	2	1	1	133.063	109.173	126.258
88.534	216.780	2	1	1	133.059	109.173	126.258
88.569	217.779	2	1	1	138.880	109.173	126.258
88.605	218.778	2	1	1	139.410	109.173	126.258
88.641	219.778	2	1	1	140.736	109.173	126.258
88.677	220.777	2	1	1	143.004	109.173	126.258
88.712	221.776	2	1	1	137.558	109.173	126.258
88.748	222.776	2	1	1	139.697	109.173	126.258
88.784	223.775	2	1	1	145.608	109.173	126.258
88.819	224.775	2	1	1	153.227	109.173	126.258
88.892	225.772	2	1	1	152.883	109.173	126.258
88.987	226.767	2	1	1	163.326	109.173	126.258
89.083	227.763	2	1	1	159.674	109.173	126.258
89.179	228.758	2	1	1	155.170	109.173	126.258
89.274	229.754	2	1	1	146.532	109.173	126.258
89.370	230.749	2	1	1	147.317	109.173	126.258
89.466	231.744	2	1	1	141.785	109.173	126.258
89.562	232.740	2	1	1	143.914	109.173	126.258
89.657	233.735	2	1	1	142.469	109.173	126.258
89.753	234.731	2	1	1	152.946	109.173	126.258
89.849	235.726	2	1	1	150.699	109.173	126.258
89.944	236.721	2	1	1	147.183	109.173	126.258
90.040	237.717	2	1	1	143.085	109.173	126.258
90.136	238.712	2	1	1	148.540	109.173	126.258
90.232	239.708	2	1	1	153.469	109.173	126.258
90.327	240.703	2	1	1	149.473	109.173	126.258
90.423	241.698	2	1	1	151.924	109.173	126.258
90.583	242.686	2	1	1	152.000	109.173	126.258
90.989	243.599	2	1	1	147.879	109.173	126.258
91.395	244.513	2	1	1	147.142	109.173	126.258
91.801	245.427	2	1	1	143.856	109.173	126.258
92.207	246.341	2	1	1	148.597	109.173	126.258
92.613	247.255	2	1	1	148.601	109.173	126.258
93.019	248.169	2	1	1	151.980	109.173	126.258
93.425	249.082	2	1	1	152.927	109.173	126.258
93.832	249.996	2	1	1	164.722	109.173	126.258
94.238	250.910	2	1	1	179.819	109.173	126.258
94.644	251.824	2	1	1	200.784	109.173	126.258
95.050	252.738	2	1	1	206.764	109.173	126.258
95.456	253.651	2	1	1	198.559	109.173	126.258
95.853	254.569	2	1	1	187.772	109.173	126.258
96.128	255.531	2	1	1	172.653	109.173	126.258
96.403	256.492	2	1	1	158.446	109.173	126.258
96.677	257.454	2	1	1	154.160	109.173	126.258
96.952	258.415	2	1	1	152.806	109.173	126.258
97.227	259.377	2	1	1	150.709	109.173	126.258
97.501	260.338	2	1	1	140.343	109.173	126.258
97.776	261.300	2	1	1	144.500	109.173	126.258
98.051	262.261	2	1	1	156.153	109.173	126.258
98.326	263.223	2	1	1	156.693	109.173	126.258
98.600	264.185	2	1	1	160.984	109.173	126.258
98.875	265.146	2	1	1	171.206	109.173	126.258
99.150	266.108	2	1	1	165.312	109.173	126.258
99.424	267.069	2	1	1	163.720	109.173	126.258
99.699	268.031	2	1	1	162.636	109.173	126.258
100.052	268.966	2	1	1	167.675	109.173	126.258
100.476	269.872	2	1	1	171.828	109.173	126.258
100.900	270.778	2	1	1	183.076	109.173	126.258
101.323	271.684	2	1	1	195.461	109.173	126.258
101.747	272.589	2	1	1	206.790	109.173	126.258
102.171	273.495	2	1	1	206.764	109.173	126.258
102.595	274.401	2	1	1	208.448	109.173	126.258
103.019	275.306	2	1	1	217.423	109.173	126.258
103.443	276.212	2	1	1	215.025	109.173	126.258
103.867	277.118	2	1	1	193.451	109.173	126.258
104.291	278.023	2	1	1	201.293	109.173	126.258
104.715	278.929	2	1	1	205.088	109.173	126.258
105.139	279.835	2	1	1	203.014	109.173	126.258
105.563	280.740	2	1	1	213.185	109.173	126.258
105.987	281.646	2	1	1	220.821	109.173	126.258
106.411	282.552	2	1	1	223.625	109.173	126.258
106.835	283.457	2	1	1	213.688	109.173	126.258
107.333	284.325	2	1	1	241.363	109.173	126.258
108.058	285.013	2	1	1	242.490	109.173	126.258
108.783	285.702	2	1	1	247.180	109.173	126.258
109.508	286.391	2	1	1	259.087	109.173	126.258
110.233	287.080	2	1	1	260.940	109.173	126.258
110.958	287.768	2	1	1	270.308	109.173	126.258
111.683	288.457	2	1	1	303.945	109.173	126.258
112.408	289.146	2	1	1	324.493	109.173	126.258
113.133	289.835	2	1	1	315.980	109.173	126.258
113.852	290.529	2	1	1	287.775	109.173	126.258
114.394	291.370	2	1	1	269.718	109.173	126.258
114.936	292.210	2	1	1	255.373	109.173	126.258
115.479	293.050	2	1	1	262.404	109.173	126.258
116.021	293.890	2	1	1	263.002	109.173	126.258
116.563	294.731	2	1	1	282.493	109.173	126.258
117.105	295.571	2	1	1	284.005	109.173	126.258
117.647	296.411	2	1	1	280.164	109.173	126.258
118.189	297.252	2	1	1	270.480	109.173	126.258
118.731	298.092	2	1	1	260.628	109.173	126.258
119.273	298.932	2	1	1	268.111	109.173	126.258
119.816	299.772	2	1	1	263.111	109.173	126.258
120.358	300.613	2	1	1	237.451	109.173	126.258
121.124	301.255	2	1	1	228.014	109.173	126.258
121.953	301.814	2	1	1	222.356	109.173	126.258
122.782	302.374	2	1	1	221.552	109.173	126.258
123.611	302.933	2	1	1	221.145	109.173	126.258
124.440	303.493	2	1	1	201.522	109.173	126.258
125.269	304.052	2	1	1	200.477	109.173	126.258
126.098	304.612	2	1	1	196.866	109.173	126.258
126.926	305.171	2	1	1	187.443	109.173	126.258
127.755	305.731	2	1	1	165.321	109.173	126.258
128.584	306.290	2	1	1	149.706	109.173	126.258
129.413	306.850	2	1	1	141.103	109.173	126.258
130.242	307.409	2	1	1	149.134	109.173	126.258
131.071	307.968	2	1	1	152.919	109.173	126.258
131.899	308.528	2	1	1	153.714	109.173	126.258
132.728	309.087	2	1	1	157.994	109.173	126.258
133.557	309.647	2	1	1	155.439	109.173	126.258
134.438	310.120	2	1	1	172.616	109.173	126.258
135.342	310.548	2	1	1	203.895	109.173	126.258
136.246	310.976	2	1	1	251.023	109.173	126.258
137.149	311.404	2	1	1	293.858	109.173	126.258
138.053	311.832	2	1	1	305.564	109.173	126.258
138.957	312.260	2	1	1	296.476	109.173	126.258
139.861	312.688	2	1	1	285.372	109.173	126.258
140.764	313.116	2	1	1	258.314	109.173	126.258
141.668	313.545	2	1	1	240.021	109.173	126.258
142.572	313.973	2	1	1	211.621	109.173	126.258
143.476	314.401	2	1	1	186.305	109.173	126.258
144.379	314.829	2	1	1	175.732	109.173	126.258
145.283	315.257	2	1	1	182.702	109.173	126.258
146.187	315.685	2	1	1	188.285	109.173	126.258
147.091	316.113	2	1	1	183.342	109.173	126.258
147.994	316.541	2	1	1	178.017	109.173	126.258
148.898	316.969	2	1	1	176.602	109.173	126.258
149.809	317.382	2	1	1	176.659	109.173	126.258
150.755	317.705	2	1	1	193.893	109.173	126.258
151.701	318.029	2	1	1	213.894	109.173	126.258
152.648	318.352	2	1	1	213.698	109.173	126.258
153.594	318.676	2	1	1	217.205	109.173	126.258
154.540	318.999	2	1	1	204.374	109.173	126.258
155.486	319.322	2	1	1	200.241	109.173	126.258
156.433	319.646	2	1	1	207.680	109.173	126.258
157.379	319.969	2	1	1	212.952	109.173	126.258
158.325	320.293	2	1	1	210.658	109.173	126.258
159.271	320.616	2	1	1	187.059	109.173	126.258
160.218	320.939	2	1	1	181.997	109.173	126.258
161.164	321.263	2	1	1	170.789	109.173	126.258
162.110	321.586	2	1	1	172.722	109.173	126.258
163.057	321.907	2	1	1	168.245	109.173	126.258
164.007	322.220	2	1	1	177.129	109.173	126.258
164.957	322.533	2	1	1	183.873	109.173	126.258
165.907	322.846	2	1	1	172.468	109.173	126.258
166.856	323.160	2	1	1	175.475	109.173	126.258
167.806	323.473	2	1	1	183.289	109.173	126.258
168.756	323.786	2	1	1	208.163	109.173	126.258
169.705	324.099	2	1	1	210.780	109.173	126.258
170.655	324.412	2	1	1	238.216	109.173	126.258
171.605	324.725	2	1	1	238.862	109.173	126.258
172.555	325.038	2	1	1	245.031	109.173	126.258
173.504	325.351	2	1	1	252.752	109.173	126.258
174.454	325.664	2	1	1	254.034	109.173	126.258
175.404	325.977	2	1	1	245.410	109.173	126.258
176.353	326.290	2	1	1	227.988	109.173	126.258
177.303	326.604	2	1	1	225.172	109.173	126.258
178.272	326.850	2	1	1	208.495	109.173	126.258
179.270	326.913	2	1	1	190.306	109.173	126.258
180.268	326.975	2	1	1	198.132	109.173	126.258
181.266	327.037	2	1	1	197.103	109.173	126.258
182.264	327.100	2	1	1	195.391	109.173	126.258
183.263	327.162	2	1	1	187.904	109.173	126.258
184.261	327.225	2	1	1	165.853	109.173	126.258
185.259	327.287	2	1	1	160.415	109.173	126.258
186.257	327.349	2	1	1	158.103	109.173	126.258
187.255	327.412	2	1	1	155.588	109.173	126.258
188.253	327.474	2	1	1	157.330	109.173	126.258
189.251	327.536	2	1	1	158.676	109.173	126.258
190.249	327.599	2	1	1	159.307	109.173	126.258
191.247	327.661	2	1	1	159.635	109.173	126.258
192.245	327.724	2	1	1	167.564	109.173	126.258
193.243	327.786	2	1	1	184.139	109.173	126.258
194.241	327.848	2	1	1	207.051	109.173	126.258
195.239	327.911	2	1	1	232.622	109.173	126.258
196.237	327.973	2	1	1	260.095	109.173	126.258
197.235	328.036	2	1	1	303.131	109.173	126.258
198.233	328.098	2	1	1	307.046	109.173	126.258
199.231	328.160	2	1	1	320.318	109.173	126.258
200.231	328.135	2	1	1	303.588	109.173	126.258
201.230	328.100	2	1	1	276.870	109.173	126.258
202.230	328.066	2	1	1	259.959	109.173	126.258
203.229	328.031	2	1	1	236.658	109.173	126.258
204.229	327.996	2	1	1	232.601	109.173	126.258
205.228	327.961	2	1	1	196.981	109.173	126.258
206.227	327.926	2	1	1	174.215	109.173	126.258
207.227	327.891	2	1	1	158.152	109.173	126.258
208.226	327.856	2	1	1	160.110	109.173	126.258
209.226	327.822	2	1	1	161.052	109.173	126.258
210.225	327.787	2	1	1	173.049	109.173	126.258
211.224	327.752	2	1	1	188.609	109.173	126.258
212.224	327.717	2	1	1	196.593	109.173	126.258
213.223	327.682	2	1	1	198.956	109.173	126.258
214.216	327.562	2	1	1	176.912	109.173	126.258
215.198	327.375	2	1	1	164.168	109.173	126.258
216.181	327.188	2	1	1	157.845	109.173	126.258
217.163	327.001	2	1	1	156.986	109.173	126.258
218.145	326.814	2	1	1	159.697	109.173	126.258
219.128	326.626	2	1	1	159.743	109.173	126.258
220.110	326.439	2	1	1	168.446	109.173	126.258
221.092	326.252	2	1	1	180.156	109.173	126.258
222.075	326.065	2	1	1	192.439	109.173	126.258
223.057	325.878	2	1	1	194.234	109.173	126.258
224.039	325.691	2	1	1	182.119	109.173	126.258
225.022	325.504	2	1	1	171.311	109.173	126.258
226.004	325.317	2	1	1	169.057	109.173	126.258
226.986	325.130	2	1	1	161.778	109.173	126.258
227.957	324.888	2	1	1	157.017	109.173	126.258
228.890	324.529	2	1	1	157.296	109.173	126.258
229.823	324.169	2	1	1	167.404	109.173	126.258
230.756	323.810	2	1	1	151.702	109.173	126.258
231.690	323.451	2	1	1	154.206	109.173	126.258
232.623	323.091	2	1	1	145.622	109.173	126.258
233.556	322.732	2	1	1	145.191	109.173	126.258
234.489	322.372	2	1	1	147.521	109.173	126.258
235.422	322.013	2	1	1	152.927	109.173	126.258
236.355	321.654	2	1	1	152.457	109.173	126.258
237.289	321.294	2	1	1	163.039	109.173	126.258
238.222	320.935	2	1	1	171.413	109.173	126.258
239.155	320.575	2	1	1	175.230	109.173	126.258
240.092	320.227	2	1	1	186.211	109.173	126.258
241.062	319.984	2	1	1	193.883	109.173	126.258
242.033	319.742	2	1	1	205.318	109.173	126.258
243.003	319.499	2	1	1	210.118	109.173	126.258
243.973	319.257	2	1	1	222.909	109.173	126.258
244.943	319.014	2	1	1	237.642	109.173	126.258
245.913	318.772	2	1	1	224.614	109.173	126.258
246.883	318.529	2	1	1	228.079	109.173	126.258
247.853	318.287	2	1	1	223.287	109.173	126.258
248.824	318.044	2	1	1	224.690	109.173	126.258
249.794	317.802	2	1	1	236.840	109.173	126.258
250.764	317.559	2	1	1	231.947	109.173	126.258
251.734	317.316	2	1	1	218.086	109.173	126.258
252.665	316.951	2	1	1	210.543	109.173	126.258
253.577	316.542	2	1	1	198.723	109.173	126.258
254.490	316.132	2	1	1	185.421	109.173	126.258
255.402	315.723	2	1	1	178.301	109.173	126.258
256.314	315.313	2	1	1	193.163	109.173	126.258
257.226	314.904	2	1	1	195.858	109.173	126.258
258.139	314.494	2	1	1	208.954	109.173	126.258
259.051	314.084	2	1	1	213.025	109.173	126.258
259.963	313.675	2	1	1	212.464	109.173	126.258
260.875	313.265	2	1	1	215.255	109.173	126.258
261.788	312.856	2	1	1	226.391	109.173	126.258
262.700	312.446	2	1	1	223.510	109.173	126.258
263.612	312.036	2	1	1	245.937	109.173	126.258
264.514	311.604	2	1	1	256.589	109.173	126.258
265.389	311.121	2	1	1	241.267	109.173	126.258
266.265	310.638	2	1	1	229.533	109.173	126.258
267.140	310.154	2	1	1	256.783	109.173	126.258
268.016	309.671	2	1	1	252.602	109.173	126.258
268.891	309.188	2	1	1	239.470	109.173	126.258
269.767	308.705	2	1	1	207.837	109.173	126.258
270.642	308.221	2	1	1	182.807	109.173	126.258
271.518	307.738	2	1	1	186.302	109.173	126.258
272.393	307.255	2	1	1	176.982	109.173	126.258
273.269	306.772	2	1	1	166.521	109.173	126.258
274.144	306.288	2	1	1	167.007	109.173	126.258
275.047	305.858	2	1	1	170.661	109.173	126.258
275.984	305.508	2	1	1	165.131	109.173	126.258
276.920	305.158	2	1	1	159.809	109.173	126.258
277.857	304.808	2	1	1	164.993	109.173	126.258
278.794	304.458	2	1	1	171.482	109.173	126.258
279.731	304.108	2	1	1	178.020	109.173	126.258
280.668	303.758	2	1	1	184.306	109.173	126.258
281.604	303.409	2	1	1	193.615	109.173	126.258
282.541	303.059	2	1	1	211.959	109.173	126.258
283.478	302.709	2	1	1	223.845	109.173	126.258
284.415	302.359	2	1	1	231.510	109.173	126.258
285.351	302.009	2	1	1	220.123	109.173	126.258
286.050	301.293	2	1	1	213.938	109.173	126.258
286.740	300.570	2	1	1	201.673	109.173	126.258
287.431	299.846	2	1	1	198.651	109.173	126.258
288.121	299.123	2	1	1	219.568	109.173	126.258
288.812	298.400	2	1	1	232.835	109.173	126.258
289.502	297.676	2	1	1	235.402	109.173	126.258
290.193	296.953	2	1	1	209.410	109.173	126.258
290.883	296.230	2	1	1	179.386	109.173	126.258
291.574	295.506	2	1	1	158.344	109.173	126.258
292.264	294.783	2	1	1	150.627	109.173	126.258
292.955	294.060	2	1	1	145.789	109.173	126.258
293.374	293.152	2	1	1	146.280	109.173	126.258
293.576	292.172	2	1	1	141.780	109.173	126.258
293.778	291.193	2	1	1	141.911	109.173	126.258
293.981	290.214	2	1	1	154.474	109.173	126.258
294.183	289.234	2	1	1	169.264	109.173	126.258
294.385	288.255	2	1	1	177.004	109.173	126.258
294.588	287.276	2	1	1	180.304	109.173	126.258
294.790	286.296	2	1	1	173.202	109.173	126.258
294.992	285.317	2	1	1	181.982	109.173	126.258
295.195	284.338	2	1	1	184.657	109.173	126.258
295.392	283.357	2	1	1	194.257	109.173	126.258
295.577	282.375	2	1	1	194.273	109.173	126.258
295.763	281.392	2	1	1	172.872	109.173	126.258
295.948	280.409	2	1	1	179.377	109.173	126.258
296.133	279.427	2	1	1	168.968	109.173	126.258
296.319	278.444	2	1	1	156.304	109.173	126.258
296.504	277.461	2	1	1	149.889	109.173	126.258
296.690	276.479	2	1	1	153.376	109.173	126.258
296.875	275.496	2	1	1	154.531	109.173	126.258
297.235	274.563	2	1	1	153.118	109.173	126.258
297.891	273.808	2	1	1	152.796	109.173	126.258
298.547	273.054	2	1	1	150.055	109.173	126.258
299.203	272.299	2	1	1	147.757	109.173	126.258
299.859	271.544	2	1	1	136.234	109.173	126.258
300.515	270.790	2	1	1	137.307	109.173	126.258
301.172	270.035	2	1	1	136.987	109.173	126.258
301.828	269.280	2	1	1	154.122	109.173	126.258
302.484	268.526	2	1	1	155.297	109.173	126.258
303.140	267.771	2	1	1	160.919	109.173	126.258
303.796	267.016	2	1	1	160.345	109.173	126.258
304.452	266.262	2	1	1	156.680	109.173	126.258
305.108	265.507	2	1	1	157.580	109.173	126.258
305.764	264.752	2	1	1	158.603	109.173	126.258
306.406	263.985	2	1	1	167.222	109.173	126.258
307.044	263.215	2	1	1	166.502	109.173	126.258
307.682	262.445	2	1	1	172.506	109.173	126.258
308.320	261.675	2	1	1	173.533	109.173	126.258
308.958	260.905	2	1	1	188.958	109.173	126.258
309.596	260.136	2	1	1	198.975	109.173	126.258
310.235	259.366	2	1	1	220.540	109.173	126.258
310.873	258.596	2	1	1	220.599	109.173	126.258
311.511	257.826	2	1	1	217.215	109.173	126.258
312.149	257.056	2	1	1	211.215	109.173	126.258
312.787	256.286	2	1	1	187.420	109.173	126.258
313.426	255.516	2	1	1	180.161	109.173	126.258
314.030	254.720	2	1	1	165.388	109.173	126.258
314.599	253.897	2	1	1	163.466	109.173	126.258
315.168	253.075	2	1	1	173.072	109.173	126.258
315.737	252.253	2	1	1	196.223	109.173	126.258
316.306	251.430	2	1	1	232.514	109.173	126.258
316.875	250.608	2	1	1	247.174	109.173	126.258
317.444	249.786	2	1	1	245.619	109.173	126.258
318.013	248.963	2	1	1	231.505	109.173	126.258
318.543	248.115	2	1	1	189.173	109.173	126.258
319.022	247.237	2	1	1	160.416	109.173	126.258
319.501	246.360	2	1	1	135.073	109.173	126.258
319.980	245.482	2	1	1	134.260	109.173	126.258
320.459	244.604	2	1	1	138.631	109.173	126.258
320.937	243.726	2	1	1	150.238	109.173	126.258
321.416	242.848	2	1	1	170.669	109.173	126.258
321.895	241.970	2	1	1	193.763	109.173	126.258
322.374	241.092	2	1	1	220.853	109.173	126.258
322.853	240.214	2	1	1	253.477	109.173	126.258
323.332	239.336	2	1	1	265.657	109.173	126.258
323.648	238.388	2	1	1	260.135	109.173	126.258
323.965	237.439	2	1	1	229.356	109.173	126.258
324.281	236.491	2	1	1	194.018	109.173	126.258
324.597	235.542	2	1	1	171.826	109.173	126.258
324.913	234.593	2	1	1	173.104	109.173	126.258
325.230	233.645	2	1	1	174.256	109.173	126.258
325.546	232.696	2	1	1	189.079	109.173	126.258
325.862	231.747	2	1	1	192.965	109.173	126.258
326.163	230.793	2	1	1	197.513	109.173	126.258
326.062	229.798	2	1	1	192.606	109.173	126.258
325.962	228.803	2	1	1	199.465	109.173	126.258
325.861	227.809	2	1	1	184.475	109.173	126.258
325.761	226.814	2	1	1	187.955	109.173	126.258
325.661	225.819	2	1	1	187.644	109.173	126.258
325.560	224.824	2	1	1	211.405	109.173	126.258
325.460	223.829	2	1	1	218.159	109.173	126.258
325.359	222.834	2	1	1	228.932	109.173	126.258
325.259	221.839	2	1	1	212.455	109.173	126.258
325.143	220.846	2	1	1	188.383	109.173	126.258
325.025	219.853	2	1	1	163.672	109.173	126.258
324.907	218.860	2	1	1	156.923	109.173	126.258
324.789	217.867	2	1	1	156.582	109.173	126.258
324.671	216.873	2	1	1	151.930	109.173	126.258
324.554	215.880	2	1	1	169.697	109.173	126.258
324.436	214.887	2	1	1	190.621	109.173	126.258
324.318	213.894	2	1	1	172.323	109.173	126.258
324.200	212.901	2	1	1	156.730	109.173	126.258
324.082	211.908	2	1	1	140.876	109.173	126.258
323.965	210.915	2	1	1	148.515	109.173	126.258
323.847	209.922	2	1	1	135.598	109.173	126.258
323.729	208.929	2	1	1	136.688	109.173	126.258
323.611	207.936	2	1	1	134.233	109.173	126.258
323.494	206.943	2	1	1	138.685	109.173	126.258
323.385	205.949	2	1	1	137.492	109.173	126.258
323.276	204.955	2	1	1	145.502	109.173	126.258
323.168	203.961	2	1	1	132.578	109.173	126.258
323.059	202.967	2	1	1	148.302	109.173	126.258
322.950	201.973	2	1	1	158.759	109.173	126.258
322.841	200.979	2	1	1	147.381	109.173	126.258
322.733	199.985	2	1	1	156.692	109.173	126.258
322.624	198.990	2	1	1	169.693	109.173	126.258
322.515	197.996	2	1	1	170.312	109.173	126.258
322.407	197.002	2	1	1	178.510	109.173	126.258
322.254	196.014	2	1	1	174.159	109.173	126.258
322.011	195.044	2	1	1	181.076	109.173	126.258
321.768	194.074	2	1	1	181.006	109.173	126.258
321.526	193.104	2	1	1	183.063	109.173	126.258
321.283	192.134	2	1	1	190.745	109.173	126.258
321.041	191.163	2	1	1	193.894	109.173	126.258
320.798	190.193	2	1	1	203.601	109.173	126.258
320.625	189.208	2	1	1	203.259	109.173	126.258
320.533	188.213	2	1	1	203.476	109.173	126.258
320.442	187.217	2	1	1	201.627	109.173	126.258
320.351	186.221	2	1	1	205.850	109.173	126.258
320.259	185.225	2	1	1	220.947	109.173	126.258
319.781	184.347	2	1	1	244.339	109.173	126.258
319.265	183.490	2	1	1	265.680	109.173	126.258
318.749	182.634	2	1	1	285.249	109.173	126.258
318.233	181.777	2	1	1	294.967	109.173	126.258
317.888	180.839	2	1	1	283.226	109.173	126.258
317.569	179.891	2	1	1	267.831	109.173	126.258
317.249	178.943	2	1	1	273.311	109.173	126.258
316.930	177.996	2	1	1	221.324	109.173	126.258
316.611	177.048	2	1	1	193.432	109.173	126.258
316.292	176.100	2	1	1	182.153	109.173	126.258
315.972	175.153	2	1	1	169.792	109.173	126.258
315.653	174.205	2	1	1	147.511	109.173	126.258
315.432	173.230	2	1	1	143.901	109.173	126.258
315.302	172.238	2	1	1	146.998	109.173	126.258
315.172	171.247	2	1	1	144.010	109.173	126.258
315.042	170.255	2	1	1	136.278	109.173	126.258
314.912	169.264	2	1	1	136.768	109.173	126.258
314.782	168.272	2	1	1	142.604	109.173	126.258
314.652	167.281	2	1	1	141.312	109.173	126.258
314.522	166.289	2	1	1	138.085	109.173	126.258
314.232	165.332	2	1	1	132.458	109.173	126.258
313.913	164.384	2	1	1	131.950	109.173	126.258
313.593	163.437	2	1	1	129.343	109.173	126.258
313.273	162.489	2	1	1	128.571	109.173	126.258
312.954	161.542	2	1	1	139.758	109.173	126.258
312.634	160.594	2	1	1	145.340	109.173	126.258
312.315	159.647	2	1	1	153.872	109.173	126.258
311.995	158.699	2	1	1	159.688	109.173	126.258
311.675	157.752	2	1	1	166.795	109.173	126.258
311.356	156.804	2	1	1	160.521	109.173	126.258
311.036	155.856	2	1	1	157.282	109.173	126.258
310.727	154.906	2	1	1	167.637	109.173	126.258
310.418	153.954	2	1	1	181.480	109.173	126.258
310.110	153.003	2	1	1	201.277	109.173	126.258
309.802	152.051	2	1	1	242.222	109.173	126.258
309.494	151.100	2	1	1	249.084	109.173	126.258
309.186	150.149	2	1	1	248.012	109.173	126.258
308.878	149.197	2	1	1	221.540	109.173	126.258
308.570	148.246	2	1	1	197.163	109.173	126.258
308.262	147.295	2	1	1	183.678	109.173	126.258
307.954	146.343	2	1	1	171.073	109.173	126.258
307.646	145.392	2	1	1	168.481	109.173	126.258
307.338	144.441	2	1	1	161.394	109.173	126.258
307.030	143.489	2	1	1	163.792	109.173	126.258
306.710	142.542	2	1	1	176.780	109.173	126.258
306.273	141.642	2	1	1	196.839	109.173	126.258
305.836	140.742	2	1	1	217.288	109.173	126.258
305.400	139.843	2	1	1	238.892	109.173	126.258
304.963	138.943	2	1	1	263.418	109.173	126.258
304.527	138.044	2	1	1	266.934	109.173	126.258
304.090	137.144	2	1	1	263.304	109.173	126.258
303.653	136.244	2	1	1	256.928	109.173	126.258
303.217	135.345	2	1	1	253.449	109.173	126.258
302.780	134.445	2	1	1	291.052	109.173	126.258
302.198	133.632	2	1	1	293.369	109.173	126.258
301.543	132.876	2	1	1	288.477	109.173	126.258
300.889	132.120	2	1	1	269.299	109.173	126.258
300.234	131.364	2	1	1	231.456	109.173	126.258
299.579	130.608	2	1	1	214.354	109.173	126.258
298.925	129.852	2	1	1	204.696	109.173	126.258
298.270	129.096	2	1	1	186.238	109.173	126.258
297.616	128.340	2	1	1	186.763	109.173	126.258
296.961	127.584	2	1	1	215.210	109.173	126.258
296.306	126.828	2	1	1	224.341	109.173	126.258
295.652	126.072	2	1	1	228.489	109.173	126.258
294.997	125.316	2	1	1	230.054	109.173	126.258
294.342	124.561	2	1	1	233.371	109.173	126.258
293.688	123.805	2	1	1	221.867	109.173	126.258
293.033	123.049	2	1	1	215.010	109.173	126.258
292.378	122.293	2	1	1	212.044	109.173	126.258
291.695	121.563	2	1	1	202.708	109.173	126.258
290.994	120.849	2	1	1	187.993	109.173	126.258
290.293	120.136	2	1	1	179.332	109.173	126.258
289.592	119.423	2	1	1	172.915	109.173	126.258
288.891	118.710	2	1	1	164.806	109.173	126.258
288.190	117.996	2	1	1	145.919	109.173	126.258
287.490	117.283	2	1	1	151.666	109.173	126.258
286.789	116.570	2	1	1	154.175	109.173	126.258
286.088	115.857	2	1	1	156.052	109.173	126.258
285.387	115.144	2	1	1	160.713	109.173	126.258
284.649	114.468	2	1	1	159.486	109.173	126.258
283.870	113.842	2	1	1	160.617	109.173	126.258
283.090	113.215	2	1	1	173.203	109.173	126.258
282.311	112.589	2	1	1	186.578	109.173	126.258
281.531	111.963	2	1	1	190.294	109.173	126.258
280.752	111.336	2	1	1	194.100	109.173	126.258
279.972	110.710	2	1	1	187.856	109.173	126.258
279.193	110.083	2	1	1	183.291	109.173	126.258
278.413	109.457	2	1	1	175.648	109.173	126.258
277.604	108.870	2	1	1	163.249	109.173	126.258
276.764	108.327	2	1	1	167.358	109.173	126.258
275.923	107.785	2	1	1	170.614	109.173	126.258
275.083	107.243	2	1	1	165.065	109.173	126.258
274.243	106.701	2	1	1	174.373	109.173	126.258
273.402	106.159	2	1	1	169.822	109.173	126.258
272.562	105.617	2	1	1	193.291	109.173	126.258
271.722	105.075	2	1	1	185.502	109.173	126.258
270.882	104.532	2	1	1	181.803	109.173	126.258
270.041	103.990	2	1	1	171.678	109.173	126.258
269.201	103.448	2	1	1	160.828	109.173	126.258
268.361	102.906	2	1	1	149.177	109.173	126.258
267.520	102.364	2	1	1	134.933	109.173	126.258
266.680	101.822	2	1	1	127.872	109.173	126.258
265.837	101.285	2	1	1	131.395	109.173	126.258
264.991	100.751	2	1	1	131.056	109.173	126.258
264.146	100.217	2	1	1	131.090	109.173	126.258
263.300	99.683	2	1	1	135.225	109.173	126.258
262.455	99.149	2	1	1	135.270	109.173	126.258
261.609	98.615	2	1	1	137.088	109.173	126.258
260.764	98.081	2	1	1	142.273	109.173	126.258
259.918	97.547	2	1	1	150.252	109.173	126.258
259.072	97.014	2	1	1	143.625	109.173	126.258
258.223	96.485	2	1	1	151.341	109.173	126.258
257.375	95.956	2	1	1	147.911	109.173	126.258
256.526	95.427	2	1	1	134.403	109.173	126.258
255.677	94.898	2	1	1	132.698	109.173	126.258
254.828	94.370	2	1	1	132.966	109.173	126.258
253.980	93.841	2	1	1	137.913	109.173	126.258
253.131	93.312	2	1	1	126.974	109.173	126.258
252.282	92.783	2	1	1	133.640	109.173	126.258
251.434	92.254	2	1	1	127.170	109.173	126.258
250.579	91.735	2	1	1	138.692	109.173	126.258
249.627	91.430	2	1	1	139.080	109.173	126.258
248.675	91.124	2	1	1	134.202	109.173	126.258
247.722	90.818	2	1	1	131.079	109.173	126.258
246.770	90.513	2	1	1	131.543	109.173	126.258
245.818	90.207	2	1	1	131.298	109.173	126.258
244.866	89.901	2	1	1	130.405	109.173	126.258
243.914	89.596	2	1	1	131.555	109.173	126.258
242.962	89.290	2	1	1	133.732	109.173	126.258
242.009	88.985	2	1	1	131.753	109.173	126.258
241.057	88.679	2	1	1	135.714	109.173	126.258
240.082	88.458	2	1	1	144.841	109.173	126.258
239.087	88.359	2	1	1	143.810	109.173	126.258
238.092	88.259	2	1	1	164.187	109.173	126.258
237.097	88.160	2	1	1	156.880	109.173	126.258
236.102	88.060	2	1	1	148.877	109.173	126.258
235.107	87.961	2	1	1	147.338	109.173	126.258
234.112	87.861	2	1	1	146.120	109.173	126.258
233.117	87.762	2	1	1	144.280	109.173	126.258
232.122	87.662	2	1	1	140.553	109.173	126.258
231.127	87.563	2	1	1	142.551	109.173	126.258
230.132	87.463	2	1	1	145.839	109.173	126.258
229.137	87.364	2	1	1	152.408	109.173	126.258
228.142	87.264	2	1	1	151.968	109.173	126.258
227.147	87.165	2	1	1	142.730	109.173	126.258
226.151	87.065	2	1	1	144.813	109.173	126.258
225.159	86.943	2	1	1	155.426	109.173	126.258
224.173	86.779	2	1	1	163.678	109.173	126.258
223.186	86.614	2	1	1	181.100	109.173	126.258
222.200	86.450	2	1	1	190.369	109.173	126.258
221.213	86.286	2	1	1	206.649	109.173	126.258
220.227	86.121	2	1	1	203.320	109.173	126.258
219.241	85.957	2	1	1	186.871	109.173	126.258
218.254	85.792	2	1	1	185.210	109.173	126.258
217.265	85.643	2	1	1	179.395	109.173	126.258
216.270	85.545	2	1	1	167.022	109.173	126.258
215.275	85.446	2	1	1	162.845	109.173	126.258
214.280	85.348	2	1	1	162.376	109.173	126.258
213.285	85.249	2	1	1	159.174	109.173	126.258
212.290	85.151	2	1	1	160.771	109.173	126.258
211.295	85.052	2	1	1	178.249	109.173	126.258
210.299	84.954	2	1	1	176.637	109.173	126.258
209.304	84.855	2	1	1	168.001	109.173	126.258
208.309	84.757	2	1	1	159.180	109.173	126.258
207.314	84.658	2	1	1	146.742	109.173	126.258
206.319	84.560	2	1	1	152.094	109.173	126.258
205.324	84.461	2	1	1	142.559	109.173	126.258
204.329	84.363	2	1	1	142.293	109.173	126.258
203.333	84.264	2	1	1	154.198	109.173	126.258
202.338	84.166	2	1	1	171.150	109.173	126.258
201.343	84.067	2	1	1	186.114	109.173	126.258
200.349	83.961	2	1	1	193.686	109.173	126.258
199.356	83.841	2	1	1	198.519	109.173	126.258
198.363	83.721	2	1	1	190.566	109.173	126.258
197.371	83.600	2	1	1	174.175	109.173	126.258
196.378	83.480	2	1	1	158.505	109.173	126.258
195.385	83.360	2	1	1	151.488	109.173	126.258
194.392	83.239	2	1	1	159.676	109.173	126.258
193.400	83.119	2	1	1	164.889	109.173	126.258
192.407	82.999	2	1	1	170.531	109.173	126.258
191.414	82.878	2	1	1	181.386	109.173	126.258
190.421	82.758	2	1	1	189.380	109.173	126.258
189.428	82.639	2	1	1	199.436	109.173	126.258
188.435	82.526	2	1	1	203.179	109.173	126.258
187.441	82.413	2	1	1	214.050	109.173	126.258
186.448	82.299	2	1	1	214.424	109.173	126.258
185.454	82.186	2	1	1	222.627	109.173	126.258
184.461	82.073	2	1	1	223.479	109.173	126.258
183.467	81.959	2	1	1	204.898	109.173	126.258
182.474	81.846	2	1	1	184.609	109.173	126.258
181.480	81.733	2	1	1	178.523	109.173	126.258
180.487	81.619	2	1	1	168.447	109.173	126.258
179.493	81.506	2	1	1	157.668	109.173	126.258
178.499	81.393	2	1	1	157.054	109.173	126.258
177.506	81.279	2	1	1	158.314	109.173	126.258
176.507	81.326	2	1	1	160.639	109.173	126.258
175.512	81.428	2	1	1	160.970	109.173	126.258
174.517	81.530	2	1	1	158.066	109.173	126.258
173.523	81.632	2	1	1	154.525	109.173	126.258
172.528	81.734	2	1	1	150.203	109.173	126.258
171.533	81.836	2	1	1	155.660	109.173	126.258
170.538	81.938	2	1	1	157.051	109.173	126.258
169.543	82.040	2	1	1	164.074	109.173	126.258
168.549	82.142	2	1	1	171.516	109.173	126.258
167.554	82.244	2	1	1	159.905	109.173	126.258
166.632	82.632	2	1	1	155.404	109.173	126.258
165.717	83.035	2	1	1	159.794	109.173	126.258
164.801	83.437	2	1	1	153.018	109.173	126.258
163.886	83.840	2	1	1	155.396	109.173	126.258
162.971	84.243	2	1	1	170.735	109.173	126.258
162.055	84.646	2	1	1	169.392	109.173	126.258
161.140	85.048	2	1	1	165.500	109.173	126.258
160.225	85.451	2	1	1	165.078	109.173	126.258
159.310	85.854	2	1	1	159.574	109.173	126.258
158.394	86.257	2	1	1	172.197	109.173	126.258
157.479	86.659	2	1	1	171.213	109.173	126.258
156.564	87.062	2	1	1	177.097	109.173	126.258
155.648	87.465	2	1	1	183.024	109.173	126.258
154.738	87.878	2	1	1	164.222	109.173	126.258
153.839	88.316	2	1	1	169.352	109.173	126.258
152.940	88.754	2	1	1	158.127	109.173	126.258
152.041	89.192	2	1	1	146.525	109.173	126.258
151.142	89.630	2	1	1	140.599	109.173	126.258
150.243	90.068	2	1	1	134.214	109.173	126.258
149.344	90.506	2	1	1	145.998	109.173	126.258
148.445	90.944	2	1	1	148.645	109.173	126.258
147.546	91.382	2	1	1	143.302	109.173	126.258
146.647	91.820	2	1	1	147.560	109.173	126.258
145.748	92.258	2	1	1	153.643	109.173	126.258
144.854	92.707	2	1	1	155.736	109.173	126.258
143.968	93.170	2	1	1	159.012	109.173	126.258
143.082	93.633	2	1	1	166.086	109.173	126.258
142.196	94.097	2	1	1	169.231	109.173	126.258
141.309	94.560	2	1	1	178.710	109.173	126.258
140.423	95.023	2	1	1	194.204	109.173	126.258
139.537	95.486	2	1	1	194.738	109.173	126.258
138.651	95.950	2	1	1	215.713	109.173	126.258
137.764	96.413	2	1	1	209.434	109.173	126.258
136.878	96.876	2	1	1	215.108	109.173	126.258
135.992	97.339	2	1	1	195.884	109.173	126.258
135.106	97.803	2	1	1	199.293	109.173	126.258
134.223	98.272	2	1	1	203.409	109.173	126.258
133.447	98.903	2	1	1	195.538	109.173	126.258
132.671	99.533	2	1	1	205.192	109.173	126.258
131.894	100.164	2	1	1	211.317	109.173	126.258
131.118	100.794	2	1	1	215.094	109.173	126.258
130.342	101.425	2	1	1	228.980	109.173	126.258
129.566	102.056	2	1	1	218.216	109.173	126.258
128.790	102.686	2	1	1	237.004	109.173	126.258
128.014	103.317	2	1	1	231.096	109.173	126.258
127.238	103.947	2	1	1	231.829	109.173	126.258
126.462	104.578	2	1	1	230.920	109.173	126.258
125.769	105.299	2	1	1	225.761	109.173	126.258
125.111	106.052	2	1	1	221.511	109.173	126.258
124.452	106.805	2	1	1	204.434	109.173	126.258
123.794	107.557	2	1	1	179.927	109.173	126.258
123.135	108.310	2	1	1	170.277	109.173	126.258
122.477	109.062	2	1	1	164.434	109.173	126.258
121.818	109.815	2	1	1	153.662	109.173	126.258
121.160	110.567	2	1	1	152.241	109.173	126.258
120.501	111.320	2	1	1	136.543	109.173	126.258
119.843	112.073	2	1	1	144.166	109.173	126.258
