X	Y	C	Z	T	Intensity	BG	MX
91.833	151.500	3	1	1	129.316	106.078	629.649
91.357	152.379	3	1	1	122.479	106.078	629.649
90.881	153.259	3	1	1	132.244	106.078	629.649
90.404	154.138	3	1	1	128.621	106.078	629.649
89.928	155.017	3	1	1	126.046	106.078	629.649
89.452	155.896	3	1	1	126.378	106.078	629.649
88.976	156.776	3	1	1	123.973	106.078	629.649
88.499	157.655	3	1	1	128.219	106.078	629.649
88.023	158.534	3	1	1	125.921	106.078	629.649
87.547	159.414	3	1	1	121.837	106.078	629.649
87.114	160.315	3	1	1	132.550	106.078	629.649
86.686	161.219	3	1	1	124.616	106.078	629.649
86.258	162.123	3	1	1	127.593	106.078	629.649
85.830	163.026	3	1	1	123.170	106.078	629.649
85.402	163.930	3	1	1	125.945	106.078	629.649
84.973	164.834	3	1	1	127.509	106.078	629.649
84.545	165.738	3	1	1	127.624	106.078	629.649
84.117	166.641	3	1	1	125.520	106.078	629.649
83.689	167.545	3	1	1	128.643	106.078	629.649
83.261	168.449	3	1	1	127.315	106.078	629.649
82.833	169.352	3	1	1	131.128	106.078	629.649
82.405	170.256	3	1	1	123.609	106.078	629.649
81.977	171.160	3	1	1	127.928	106.078	629.649
81.549	172.064	3	1	1	119.130	106.078	629.649
81.381	173.050	3	1	1	120.043	106.078	629.649
81.248	174.041	3	1	1	119.280	106.078	629.649
81.114	175.032	3	1	1	122.730	106.078	629.649
80.981	176.023	3	1	1	121.384	106.078	629.649
80.848	177.014	3	1	1	124.668	106.078	629.649
80.714	178.005	3	1	1	123.390	106.078	629.649
80.581	178.996	3	1	1	121.618	106.078	629.649
80.447	179.987	3	1	1	123.625	106.078	629.649
80.314	180.978	3	1	1	126.458	106.078	629.649
80.180	181.969	3	1	1	124.487	106.078	629.649
80.047	182.960	3	1	1	127.258	106.078	629.649
79.914	183.951	3	1	1	121.103	106.078	629.649
79.780	184.942	3	1	1	122.511	106.078	629.649
79.647	185.933	3	1	1	124.375	106.078	629.649
79.513	186.924	3	1	1	127.707	106.078	629.649
79.380	187.915	3	1	1	118.441	106.078	629.649
79.247	188.906	3	1	1	118.810	106.078	629.649
79.118	189.898	3	1	1	128.443	106.078	629.649
78.998	190.891	3	1	1	123.316	106.078	629.649
78.877	191.884	3	1	1	123.389	106.078	629.649
78.756	192.876	3	1	1	128.786	106.078	629.649
78.635	193.869	3	1	1	124.200	106.078	629.649
78.515	194.862	3	1	1	121.860	106.078	629.649
78.394	195.854	3	1	1	124.356	106.078	629.649
78.273	196.847	3	1	1	130.049	106.078	629.649
78.152	197.840	3	1	1	125.103	106.078	629.649
78.032	198.832	3	1	1	128.365	106.078	629.649
77.911	199.825	3	1	1	122.239	106.078	629.649
77.790	200.818	3	1	1	121.865	106.078	629.649
77.669	201.810	3	1	1	121.236	106.078	629.649
77.549	202.803	3	1	1	122.648	106.078	629.649
77.428	203.796	3	1	1	124.380	106.078	629.649
77.307	204.789	3	1	1	121.069	106.078	629.649
77.187	205.781	3	1	1	121.305	106.078	629.649
77.066	206.774	3	1	1	125.072	106.078	629.649
76.945	207.767	3	1	1	123.053	106.078	629.649
76.824	208.759	3	1	1	124.832	106.078	629.649
76.704	209.752	3	1	1	119.086	106.078	629.649
76.583	210.745	3	1	1	116.318	106.078	629.649
76.462	211.737	3	1	1	121.627	106.078	629.649
76.341	212.730	3	1	1	126.018	106.078	629.649
76.221	213.723	3	1	1	122.251	106.078	629.649
76.178	214.722	3	1	1	125.490	106.078	629.649
76.198	215.722	3	1	1	122.591	106.078	629.649
76.219	216.721	3	1	1	121.459	106.078	629.649
76.239	217.721	3	1	1	118.177	106.078	629.649
76.260	218.721	3	1	1	121.121	106.078	629.649
76.280	219.721	3	1	1	120.838	106.078	629.649
76.300	220.721	3	1	1	122.632	106.078	629.649
76.321	221.720	3	1	1	122.861	106.078	629.649
76.341	222.720	3	1	1	124.249	106.078	629.649
76.362	223.720	3	1	1	123.628	106.078	629.649
76.382	224.720	3	1	1	120.521	106.078	629.649
76.402	225.719	3	1	1	120.566	106.078	629.649
76.423	226.719	3	1	1	117.654	106.078	629.649
76.443	227.719	3	1	1	117.782	106.078	629.649
76.464	228.719	3	1	1	122.072	106.078	629.649
76.484	229.719	3	1	1	118.383	106.078	629.649
76.567	230.715	3	1	1	118.868	106.078	629.649
76.864	231.670	3	1	1	122.943	106.078	629.649
77.161	232.625	3	1	1	122.010	106.078	629.649
77.458	233.580	3	1	1	124.057	106.078	629.649
77.755	234.535	3	1	1	122.820	106.078	629.649
78.052	235.489	3	1	1	121.206	106.078	629.649
78.349	236.444	3	1	1	123.277	106.078	629.649
78.646	237.399	3	1	1	125.362	106.078	629.649
78.943	238.354	3	1	1	118.873	106.078	629.649
79.241	239.309	3	1	1	122.792	106.078	629.649
79.538	240.264	3	1	1	126.670	106.078	629.649
79.835	241.219	3	1	1	132.955	106.078	629.649
80.132	242.173	3	1	1	126.875	106.078	629.649
80.429	243.128	3	1	1	124.006	106.078	629.649
80.726	244.083	3	1	1	126.864	106.078	629.649
81.023	245.038	3	1	1	130.093	106.078	629.649
81.320	245.993	3	1	1	121.771	106.078	629.649
81.617	246.948	3	1	1	126.291	106.078	629.649
81.914	247.903	3	1	1	123.225	106.078	629.649
82.211	248.857	3	1	1	118.692	106.078	629.649
82.508	249.812	3	1	1	119.749	106.078	629.649
82.805	250.767	3	1	1	121.991	106.078	629.649
83.102	251.722	3	1	1	121.720	106.078	629.649
83.399	252.677	3	1	1	118.728	106.078	629.649
83.677	253.638	3	1	1	121.767	106.078	629.649
83.945	254.601	3	1	1	128.109	106.078	629.649
84.212	255.565	3	1	1	126.401	106.078	629.649
84.480	256.528	3	1	1	126.871	106.078	629.649
84.748	257.492	3	1	1	123.683	106.078	629.649
85.015	258.455	3	1	1	122.786	106.078	629.649
85.283	259.419	3	1	1	125.784	106.078	629.649
85.551	260.382	3	1	1	119.033	106.078	629.649
85.818	261.346	3	1	1	122.160	106.078	629.649
86.086	262.309	3	1	1	127.354	106.078	629.649
86.354	263.273	3	1	1	122.937	106.078	629.649
86.621	264.236	3	1	1	127.266	106.078	629.649
86.889	265.200	3	1	1	126.837	106.078	629.649
87.156	266.163	3	1	1	117.411	106.078	629.649
87.424	267.127	3	1	1	120.333	106.078	629.649
87.692	268.090	3	1	1	122.103	106.078	629.649
87.959	269.054	3	1	1	118.918	106.078	629.649
88.227	270.017	3	1	1	121.881	106.078	629.649
88.495	270.981	3	1	1	121.818	106.078	629.649
88.987	271.852	3	1	1	127.478	106.078	629.649
89.483	272.720	3	1	1	125.780	106.078	629.649
89.979	273.588	3	1	1	125.739	106.078	629.649
90.475	274.456	3	1	1	123.745	106.078	629.649
90.971	275.325	3	1	1	123.949	106.078	629.649
91.467	276.193	3	1	1	120.730	106.078	629.649
91.963	277.061	3	1	1	124.469	106.078	629.649
92.460	277.929	3	1	1	124.726	106.078	629.649
92.956	278.798	3	1	1	120.647	106.078	629.649
93.452	279.666	3	1	1	123.892	106.078	629.649
93.948	280.534	3	1	1	120.669	106.078	629.649
94.444	281.402	3	1	1	121.593	106.078	629.649
94.940	282.270	3	1	1	130.095	106.078	629.649
95.436	283.139	3	1	1	126.524	106.078	629.649
95.933	284.007	3	1	1	120.845	106.078	629.649
96.429	284.875	3	1	1	124.207	106.078	629.649
97.072	285.641	3	1	1	119.536	106.078	629.649
97.738	286.387	3	1	1	120.311	106.078	629.649
98.404	287.133	3	1	1	121.589	106.078	629.649
99.070	287.879	3	1	1	130.983	106.078	629.649
99.736	288.624	3	1	1	123.649	106.078	629.649
100.402	289.370	3	1	1	123.300	106.078	629.649
101.068	290.116	3	1	1	120.901	106.078	629.649
101.734	290.862	3	1	1	122.598	106.078	629.649
102.400	291.608	3	1	1	123.319	106.078	629.649
103.066	292.354	3	1	1	122.399	106.078	629.649
103.732	293.100	3	1	1	124.549	106.078	629.649
104.398	293.846	3	1	1	121.756	106.078	629.649
105.064	294.592	3	1	1	127.049	106.078	629.649
105.730	295.338	3	1	1	119.309	106.078	629.649
106.396	296.084	3	1	1	124.241	106.078	629.649
107.062	296.830	3	1	1	121.253	106.078	629.649
107.728	297.576	3	1	1	120.715	106.078	629.649
108.394	298.322	3	1	1	122.576	106.078	629.649
109.069	299.060	3	1	1	122.771	106.078	629.649
109.822	299.718	3	1	1	127.419	106.078	629.649
110.575	300.376	3	1	1	121.261	106.078	629.649
111.328	301.034	3	1	1	121.113	106.078	629.649
112.081	301.691	3	1	1	122.442	106.078	629.649
112.835	302.349	3	1	1	122.002	106.078	629.649
113.588	303.007	3	1	1	123.093	106.078	629.649
114.341	303.665	3	1	1	127.893	106.078	629.649
115.094	304.323	3	1	1	127.037	106.078	629.649
115.847	304.980	3	1	1	124.734	106.078	629.649
116.600	305.638	3	1	1	124.862	106.078	629.649
117.354	306.296	3	1	1	122.657	106.078	629.649
118.107	306.954	3	1	1	128.808	106.078	629.649
118.860	307.612	3	1	1	124.572	106.078	629.649
119.613	308.270	3	1	1	124.496	106.078	629.649
120.366	308.927	3	1	1	124.502	106.078	629.649
121.119	309.585	3	1	1	117.028	106.078	629.649
121.873	310.243	3	1	1	122.949	106.078	629.649
122.701	310.804	3	1	1	127.938	106.078	629.649
123.570	311.298	3	1	1	127.535	106.078	629.649
124.439	311.793	3	1	1	121.296	106.078	629.649
125.308	312.287	3	1	1	120.138	106.078	629.649
126.177	312.782	3	1	1	120.253	106.078	629.649
127.046	313.276	3	1	1	122.897	106.078	629.649
127.916	313.771	3	1	1	120.643	106.078	629.649
128.785	314.265	3	1	1	118.824	106.078	629.649
129.654	314.760	3	1	1	131.407	106.078	629.649
130.523	315.255	3	1	1	128.518	106.078	629.649
131.392	315.749	3	1	1	120.786	106.078	629.649
132.261	316.244	3	1	1	127.116	106.078	629.649
133.131	316.738	3	1	1	133.281	106.078	629.649
134.000	317.233	3	1	1	124.706	106.078	629.649
134.869	317.727	3	1	1	126.025	106.078	629.649
135.738	318.222	3	1	1	127.183	106.078	629.649
136.607	318.716	3	1	1	120.171	106.078	629.649
137.476	319.211	3	1	1	128.401	106.078	629.649
138.346	319.705	3	1	1	128.773	106.078	629.649
139.215	320.200	3	1	1	125.760	106.078	629.649
140.084	320.694	3	1	1	126.603	106.078	629.649
140.953	321.189	3	1	1	130.415	106.078	629.649
141.869	321.589	3	1	1	129.585	106.078	629.649
142.841	321.825	3	1	1	125.357	106.078	629.649
143.813	322.060	3	1	1	124.133	106.078	629.649
144.785	322.295	3	1	1	129.727	106.078	629.649
145.757	322.530	3	1	1	130.624	106.078	629.649
146.729	322.765	3	1	1	125.182	106.078	629.649
147.701	323.000	3	1	1	122.005	106.078	629.649
148.673	323.235	3	1	1	127.274	106.078	629.649
149.645	323.471	3	1	1	129.494	106.078	629.649
150.617	323.706	3	1	1	126.926	106.078	629.649
151.589	323.941	3	1	1	134.621	106.078	629.649
152.561	324.176	3	1	1	131.051	106.078	629.649
153.533	324.411	3	1	1	125.010	106.078	629.649
154.505	324.646	3	1	1	122.847	106.078	629.649
155.477	324.881	3	1	1	123.819	106.078	629.649
156.449	325.117	3	1	1	129.893	106.078	629.649
157.421	325.352	3	1	1	133.000	106.078	629.649
158.393	325.587	3	1	1	128.848	106.078	629.649
159.365	325.822	3	1	1	125.954	106.078	629.649
160.337	326.057	3	1	1	122.969	106.078	629.649
161.309	326.292	3	1	1	119.613	106.078	629.649
162.284	326.514	3	1	1	123.018	106.078	629.649
163.276	326.636	3	1	1	127.148	106.078	629.649
164.269	326.757	3	1	1	126.681	106.078	629.649
165.261	326.879	3	1	1	128.396	106.078	629.649
166.254	327.000	3	1	1	126.019	106.078	629.649
167.247	327.122	3	1	1	125.883	106.078	629.649
168.239	327.244	3	1	1	124.308	106.078	629.649
169.232	327.365	3	1	1	131.413	106.078	629.649
170.224	327.487	3	1	1	127.615	106.078	629.649
171.217	327.608	3	1	1	129.527	106.078	629.649
172.209	327.730	3	1	1	128.438	106.078	629.649
173.202	327.851	3	1	1	130.407	106.078	629.649
174.195	327.973	3	1	1	124.748	106.078	629.649
175.187	328.094	3	1	1	127.364	106.078	629.649
176.180	328.216	3	1	1	127.041	106.078	629.649
177.172	328.337	3	1	1	131.936	106.078	629.649
178.165	328.459	3	1	1	130.834	106.078	629.649
179.158	328.577	3	1	1	131.927	106.078	629.649
180.151	328.692	3	1	1	136.115	106.078	629.649
181.145	328.808	3	1	1	132.417	106.078	629.649
182.138	328.923	3	1	1	133.989	106.078	629.649
183.131	329.039	3	1	1	138.419	106.078	629.649
184.125	329.154	3	1	1	130.539	106.078	629.649
185.118	329.270	3	1	1	125.549	106.078	629.649
186.111	329.385	3	1	1	131.795	106.078	629.649
187.105	329.501	3	1	1	139.327	106.078	629.649
188.098	329.616	3	1	1	137.411	106.078	629.649
189.091	329.732	3	1	1	126.508	106.078	629.649
190.084	329.847	3	1	1	128.652	106.078	629.649
191.078	329.963	3	1	1	132.551	106.078	629.649
192.071	330.078	3	1	1	135.243	106.078	629.649
193.064	330.194	3	1	1	132.598	106.078	629.649
194.058	330.309	3	1	1	135.089	106.078	629.649
195.051	330.425	3	1	1	130.923	106.078	629.649
196.044	330.540	3	1	1	131.801	106.078	629.649
197.038	330.656	3	1	1	126.191	106.078	629.649
198.031	330.771	3	1	1	131.738	106.078	629.649
199.024	330.887	3	1	1	133.556	106.078	629.649
200.018	331.001	3	1	1	126.713	106.078	629.649
201.015	331.073	3	1	1	128.799	106.078	629.649
202.012	331.144	3	1	1	132.963	106.078	629.649
203.010	331.215	3	1	1	129.618	106.078	629.649
204.007	331.286	3	1	1	125.918	106.078	629.649
205.005	331.357	3	1	1	128.290	106.078	629.649
206.002	331.429	3	1	1	130.657	106.078	629.649
207.000	331.500	3	1	1	124.503	106.078	629.649
207.997	331.571	3	1	1	125.884	106.078	629.649
208.995	331.642	3	1	1	135.457	106.078	629.649
209.992	331.714	3	1	1	129.954	106.078	629.649
210.990	331.785	3	1	1	125.095	106.078	629.649
211.987	331.856	3	1	1	121.009	106.078	629.649
212.985	331.927	3	1	1	131.858	106.078	629.649
213.982	331.999	3	1	1	124.284	106.078	629.649
214.953	331.762	3	1	1	133.358	106.078	629.649
215.924	331.519	3	1	1	130.310	106.078	629.649
216.894	331.277	3	1	1	133.988	106.078	629.649
217.864	331.034	3	1	1	123.478	106.078	629.649
218.834	330.791	3	1	1	129.671	106.078	629.649
219.804	330.549	3	1	1	129.005	106.078	629.649
220.774	330.306	3	1	1	132.295	106.078	629.649
221.745	330.064	3	1	1	128.282	106.078	629.649
222.715	329.821	3	1	1	130.082	106.078	629.649
223.685	329.579	3	1	1	130.089	106.078	629.649
224.655	329.336	3	1	1	133.518	106.078	629.649
225.625	329.094	3	1	1	128.489	106.078	629.649
226.603	328.885	3	1	1	126.624	106.078	629.649
227.585	328.698	3	1	1	130.865	106.078	629.649
228.568	328.511	3	1	1	136.786	106.078	629.649
229.550	328.324	3	1	1	134.107	106.078	629.649
230.532	328.137	3	1	1	129.863	106.078	629.649
231.515	327.950	3	1	1	125.105	106.078	629.649
232.497	327.762	3	1	1	133.088	106.078	629.649
233.479	327.575	3	1	1	133.523	106.078	629.649
234.462	327.388	3	1	1	127.579	106.078	629.649
235.444	327.201	3	1	1	127.288	106.078	629.649
236.426	327.014	3	1	1	126.017	106.078	629.649
237.336	326.599	3	1	1	122.865	106.078	629.649
238.238	326.166	3	1	1	128.545	106.078	629.649
239.139	325.733	3	1	1	131.156	106.078	629.649
240.041	325.300	3	1	1	131.600	106.078	629.649
240.942	324.868	3	1	1	130.775	106.078	629.649
241.844	324.435	3	1	1	130.966	106.078	629.649
242.745	324.002	3	1	1	129.830	106.078	629.649
243.647	323.570	3	1	1	128.752	106.078	629.649
244.548	323.137	3	1	1	129.131	106.078	629.649
245.450	322.704	3	1	1	135.652	106.078	629.649
246.351	322.271	3	1	1	133.369	106.078	629.649
247.253	321.839	3	1	1	133.744	106.078	629.649
248.154	321.406	3	1	1	128.851	106.078	629.649
249.050	320.960	3	1	1	126.621	106.078	629.649
249.831	320.337	3	1	1	127.867	106.078	629.649
250.613	319.713	3	1	1	124.157	106.078	629.649
251.394	319.089	3	1	1	129.193	106.078	629.649
252.176	318.465	3	1	1	128.694	106.078	629.649
252.958	317.841	3	1	1	122.968	106.078	629.649
253.739	317.217	3	1	1	128.568	106.078	629.649
254.521	316.594	3	1	1	120.193	106.078	629.649
255.302	315.970	3	1	1	125.934	106.078	629.649
256.084	315.346	3	1	1	126.370	106.078	629.649
256.865	314.722	3	1	1	123.999	106.078	629.649
257.647	314.098	3	1	1	129.132	106.078	629.649
258.428	313.475	3	1	1	132.192	106.078	629.649
259.210	312.851	3	1	1	132.198	106.078	629.649
259.992	312.227	3	1	1	131.993	106.078	629.649
260.773	311.603	3	1	1	134.231	106.078	629.649
261.555	310.979	3	1	1	128.124	106.078	629.649
262.336	310.355	3	1	1	126.272	106.078	629.649
263.118	309.732	3	1	1	124.611	106.078	629.649
263.899	309.108	3	1	1	125.328	106.078	629.649
264.681	308.484	3	1	1	131.595	106.078	629.649
265.463	307.860	3	1	1	124.974	106.078	629.649
266.244	307.236	3	1	1	124.362	106.078	629.649
267.026	306.612	3	1	1	134.212	106.078	629.649
267.871	306.078	3	1	1	129.349	106.078	629.649
268.728	305.563	3	1	1	132.070	106.078	629.649
269.586	305.049	3	1	1	127.865	106.078	629.649
270.443	304.534	3	1	1	126.901	106.078	629.649
271.301	304.020	3	1	1	125.780	106.078	629.649
272.158	303.505	3	1	1	121.266	106.078	629.649
273.016	302.991	3	1	1	120.970	106.078	629.649
273.873	302.476	3	1	1	123.128	106.078	629.649
274.731	301.962	3	1	1	126.167	106.078	629.649
275.588	301.447	3	1	1	122.977	106.078	629.649
276.446	300.933	3	1	1	120.530	106.078	629.649
277.303	300.418	3	1	1	125.052	106.078	629.649
278.161	299.904	3	1	1	124.065	106.078	629.649
279.018	299.389	3	1	1	133.279	106.078	629.649
279.876	298.875	3	1	1	129.767	106.078	629.649
280.690	298.295	3	1	1	125.767	106.078	629.649
281.369	297.560	3	1	1	127.586	106.078	629.649
282.048	296.826	3	1	1	127.879	106.078	629.649
282.727	296.092	3	1	1	126.843	106.078	629.649
283.406	295.358	3	1	1	129.968	106.078	629.649
284.085	294.624	3	1	1	132.324	106.078	629.649
284.764	293.890	3	1	1	130.060	106.078	629.649
285.443	293.156	3	1	1	125.722	106.078	629.649
286.122	292.422	3	1	1	131.766	106.078	629.649
286.801	291.688	3	1	1	124.385	106.078	629.649
287.480	290.954	3	1	1	124.333	106.078	629.649
288.160	290.219	3	1	1	130.799	106.078	629.649
288.839	289.485	3	1	1	128.283	106.078	629.649
289.518	288.751	3	1	1	126.288	106.078	629.649
290.197	288.017	3	1	1	127.907	106.078	629.649
290.876	287.283	3	1	1	127.327	106.078	629.649
291.555	286.549	3	1	1	125.168	106.078	629.649
292.234	285.815	3	1	1	120.697	106.078	629.649
292.882	285.054	3	1	1	124.313	106.078	629.649
293.279	284.135	3	1	1	126.390	106.078	629.649
293.675	283.217	3	1	1	124.198	106.078	629.649
294.072	282.299	3	1	1	126.288	106.078	629.649
294.468	281.381	3	1	1	123.785	106.078	629.649
294.864	280.463	3	1	1	123.062	106.078	629.649
295.261	279.545	3	1	1	123.853	106.078	629.649
295.657	278.627	3	1	1	126.849	106.078	629.649
296.054	277.709	3	1	1	124.298	106.078	629.649
296.450	276.791	3	1	1	122.019	106.078	629.649
296.847	275.873	3	1	1	124.781	106.078	629.649
297.243	274.955	3	1	1	127.211	106.078	629.649
297.639	274.037	3	1	1	131.084	106.078	629.649
298.036	273.119	3	1	1	123.785	106.078	629.649
298.432	272.201	3	1	1	125.624	106.078	629.649
298.829	271.283	3	1	1	125.798	106.078	629.649
299.243	270.373	3	1	1	127.763	106.078	629.649
299.760	269.516	3	1	1	128.249	106.078	629.649
300.276	268.660	3	1	1	125.698	106.078	629.649
300.793	267.804	3	1	1	126.373	106.078	629.649
301.309	266.948	3	1	1	127.336	106.078	629.649
301.826	266.091	3	1	1	130.386	106.078	629.649
302.342	265.235	3	1	1	131.804	106.078	629.649
302.859	264.379	3	1	1	131.746	106.078	629.649
303.375	263.522	3	1	1	130.152	106.078	629.649
303.892	262.666	3	1	1	123.779	106.078	629.649
304.408	261.810	3	1	1	126.718	106.078	629.649
304.925	260.953	3	1	1	128.023	106.078	629.649
305.441	260.097	3	1	1	128.615	106.078	629.649
305.545	259.103	3	1	1	128.810	106.078	629.649
305.595	258.104	3	1	1	122.587	106.078	629.649
305.645	257.105	3	1	1	126.485	106.078	629.649
305.695	256.106	3	1	1	130.343	106.078	629.649
305.745	255.108	3	1	1	127.831	106.078	629.649
305.795	254.109	3	1	1	129.972	106.078	629.649
305.845	253.110	3	1	1	128.533	106.078	629.649
305.894	252.111	3	1	1	132.095	106.078	629.649
305.944	251.113	3	1	1	130.979	106.078	629.649
305.994	250.114	3	1	1	123.621	106.078	629.649
306.000	249.114	3	1	1	130.328	106.078	629.649
306.000	248.114	3	1	1	123.615	106.078	629.649
306.000	247.114	3	1	1	127.415	106.078	629.649
306.000	246.114	3	1	1	129.781	106.078	629.649
306.000	245.114	3	1	1	127.031	106.078	629.649
306.000	244.114	3	1	1	135.276	106.078	629.649
306.000	243.114	3	1	1	130.098	106.078	629.649
306.000	242.114	3	1	1	123.989	106.078	629.649
306.000	241.114	3	1	1	135.508	106.078	629.649
306.000	240.114	3	1	1	130.170	106.078	629.649
306.000	239.114	3	1	1	124.878	106.078	629.649
306.000	238.114	3	1	1	128.492	106.078	629.649
306.000	237.114	3	1	1	129.002	106.078	629.649
306.000	236.114	3	1	1	131.085	106.078	629.649
306.000	235.114	3	1	1	140.538	106.078	629.649
306.072	234.116	3	1	1	130.444	106.078	629.649
306.154	233.120	3	1	1	135.494	106.078	629.649
306.235	232.123	3	1	1	127.445	106.078	629.649
306.316	231.126	3	1	1	132.417	106.078	629.649
306.398	230.130	3	1	1	132.509	106.078	629.649
306.479	229.133	3	1	1	132.998	106.078	629.649
306.560	228.136	3	1	1	125.849	106.078	629.649
306.642	227.140	3	1	1	131.492	106.078	629.649
306.723	226.143	3	1	1	137.059	106.078	629.649
306.804	225.146	3	1	1	141.219	106.078	629.649
306.886	224.150	3	1	1	139.953	106.078	629.649
306.967	223.153	3	1	1	131.648	106.078	629.649
307.048	222.156	3	1	1	134.821	106.078	629.649
307.130	221.160	3	1	1	132.334	106.078	629.649
307.211	220.163	3	1	1	129.564	106.078	629.649
307.293	219.166	3	1	1	134.158	106.078	629.649
307.374	218.169	3	1	1	132.037	106.078	629.649
307.455	217.173	3	1	1	128.165	106.078	629.649
307.537	216.176	3	1	1	134.786	106.078	629.649
307.618	215.179	3	1	1	134.145	106.078	629.649
307.699	214.183	3	1	1	138.589	106.078	629.649
307.781	213.186	3	1	1	140.874	106.078	629.649
307.862	212.189	3	1	1	131.345	106.078	629.649
307.943	211.193	3	1	1	134.306	106.078	629.649
308.000	210.194	3	1	1	138.611	106.078	629.649
308.000	209.194	3	1	1	128.316	106.078	629.649
308.000	208.194	3	1	1	125.729	106.078	629.649
308.000	207.194	3	1	1	127.562	106.078	629.649
308.000	206.194	3	1	1	130.979	106.078	629.649
308.000	205.194	3	1	1	130.854	106.078	629.649
308.000	204.194	3	1	1	131.479	106.078	629.649
308.000	203.194	3	1	1	124.894	106.078	629.649
308.000	202.194	3	1	1	130.649	106.078	629.649
308.000	201.194	3	1	1	132.875	106.078	629.649
308.000	200.194	3	1	1	126.768	106.078	629.649
308.000	199.194	3	1	1	127.501	106.078	629.649
308.000	198.194	3	1	1	128.271	106.078	629.649
308.000	197.194	3	1	1	129.960	106.078	629.649
308.000	196.194	3	1	1	129.792	106.078	629.649
308.000	195.194	3	1	1	129.125	106.078	629.649
308.000	194.194	3	1	1	126.293	106.078	629.649
308.000	193.194	3	1	1	126.766	106.078	629.649
308.000	192.194	3	1	1	130.000	106.078	629.649
307.867	191.203	3	1	1	120.964	106.078	629.649
307.701	190.217	3	1	1	127.429	106.078	629.649
307.536	189.231	3	1	1	128.568	106.078	629.649
307.371	188.244	3	1	1	127.719	106.078	629.649
307.206	187.258	3	1	1	128.258	106.078	629.649
307.041	186.272	3	1	1	124.104	106.078	629.649
306.876	185.286	3	1	1	124.972	106.078	629.649
306.710	184.299	3	1	1	125.989	106.078	629.649
306.545	183.313	3	1	1	125.289	106.078	629.649
306.380	182.327	3	1	1	127.644	106.078	629.649
306.215	181.341	3	1	1	127.154	106.078	629.649
306.050	180.354	3	1	1	122.273	106.078	629.649
305.885	179.368	3	1	1	127.037	106.078	629.649
305.719	178.382	3	1	1	133.278	106.078	629.649
305.554	177.395	3	1	1	128.373	106.078	629.649
305.389	176.409	3	1	1	122.617	106.078	629.649
305.224	175.423	3	1	1	125.355	106.078	629.649
305.059	174.437	3	1	1	126.136	106.078	629.649
304.894	173.450	3	1	1	126.994	106.078	629.649
304.728	172.464	3	1	1	125.852	106.078	629.649
304.563	171.478	3	1	1	128.324	106.078	629.649
304.398	170.492	3	1	1	128.311	106.078	629.649
304.233	169.505	3	1	1	128.191	106.078	629.649
304.068	168.519	3	1	1	129.537	106.078	629.649
303.903	167.533	3	1	1	130.160	106.078	629.649
303.737	166.547	3	1	1	132.762	106.078	629.649
303.572	165.560	3	1	1	133.690	106.078	629.649
303.407	164.574	3	1	1	132.930	106.078	629.649
303.242	163.588	3	1	1	131.017	106.078	629.649
303.077	162.601	3	1	1	128.528	106.078	629.649
302.912	161.615	3	1	1	126.865	106.078	629.649
302.746	160.629	3	1	1	128.578	106.078	629.649
302.581	159.643	3	1	1	132.111	106.078	629.649
302.416	158.656	3	1	1	130.259	106.078	629.649
302.251	157.670	3	1	1	133.439	106.078	629.649
302.016	156.698	3	1	1	131.487	106.078	629.649
301.711	155.746	3	1	1	131.260	106.078	629.649
301.405	154.794	3	1	1	130.311	106.078	629.649
301.099	153.842	3	1	1	128.441	106.078	629.649
300.794	152.889	3	1	1	134.030	106.078	629.649
300.488	151.937	3	1	1	130.052	106.078	629.649
300.182	150.985	3	1	1	127.273	106.078	629.649
299.877	150.033	3	1	1	128.199	106.078	629.649
299.571	149.081	3	1	1	136.195	106.078	629.649
299.266	148.129	3	1	1	135.275	106.078	629.649
298.960	147.177	3	1	1	130.601	106.078	629.649
298.654	146.224	3	1	1	126.516	106.078	629.649
298.349	145.272	3	1	1	130.508	106.078	629.649
298.043	144.320	3	1	1	134.317	106.078	629.649
297.737	143.368	3	1	1	134.998	106.078	629.649
297.432	142.416	3	1	1	135.700	106.078	629.649
297.126	141.464	3	1	1	129.888	106.078	629.649
296.821	140.512	3	1	1	137.871	106.078	629.649
296.515	139.559	3	1	1	142.736	106.078	629.649
296.209	138.607	3	1	1	137.757	106.078	629.649
295.904	137.655	3	1	1	132.156	106.078	629.649
295.598	136.703	3	1	1	133.009	106.078	629.649
295.292	135.751	3	1	1	130.282	106.078	629.649
294.987	134.799	3	1	1	140.310	106.078	629.649
294.681	133.846	3	1	1	138.867	106.078	629.649
294.376	132.894	3	1	1	135.525	106.078	629.649
294.070	131.942	3	1	1	138.003	106.078	629.649
293.764	130.990	3	1	1	134.810	106.078	629.649
293.450	130.041	3	1	1	144.689	106.078	629.649
293.081	129.111	3	1	1	144.347	106.078	629.649
292.712	128.182	3	1	1	135.780	106.078	629.649
292.343	127.252	3	1	1	134.915	106.078	629.649
291.974	126.323	3	1	1	132.817	106.078	629.649
291.605	125.394	3	1	1	144.750	106.078	629.649
291.236	124.464	3	1	1	141.197	106.078	629.649
290.867	123.535	3	1	1	135.184	106.078	629.649
290.498	122.605	3	1	1	139.459	106.078	629.649
290.129	121.676	3	1	1	148.656	106.078	629.649
289.760	120.747	3	1	1	149.479	106.078	629.649
289.391	119.817	3	1	1	147.383	106.078	629.649
289.022	118.888	3	1	1	144.893	106.078	629.649
288.653	117.958	3	1	1	151.555	106.078	629.649
288.284	117.029	3	1	1	148.950	106.078	629.649
287.914	116.099	3	1	1	150.582	106.078	629.649
287.545	115.170	3	1	1	148.301	106.078	629.649
287.176	114.241	3	1	1	150.589	106.078	629.649
286.807	113.311	3	1	1	157.229	106.078	629.649
286.438	112.382	3	1	1	156.575	106.078	629.649
286.069	111.452	3	1	1	153.831	106.078	629.649
285.700	110.523	3	1	1	153.431	106.078	629.649
285.331	109.594	3	1	1	151.632	106.078	629.649
284.962	108.664	3	1	1	153.018	106.078	629.649
284.593	107.735	3	1	1	152.249	106.078	629.649
284.058	106.890	3	1	1	149.751	106.078	629.649
283.472	106.080	3	1	1	153.216	106.078	629.649
282.885	105.270	3	1	1	150.256	106.078	629.649
282.299	104.460	3	1	1	154.678	106.078	629.649
281.712	103.650	3	1	1	160.844	106.078	629.649
281.126	102.840	3	1	1	159.667	106.078	629.649
280.539	102.030	3	1	1	152.556	106.078	629.649
279.953	101.220	3	1	1	158.769	106.078	629.649
279.366	100.410	3	1	1	159.473	106.078	629.649
278.780	99.600	3	1	1	158.853	106.078	629.649
278.193	98.790	3	1	1	163.842	106.078	629.649
277.607	97.980	3	1	1	165.363	106.078	629.649
277.020	97.171	3	1	1	165.458	106.078	629.649
276.434	96.361	3	1	1	160.984	106.078	629.649
275.847	95.551	3	1	1	166.767	106.078	629.649
275.261	94.741	3	1	1	176.886	106.078	629.649
274.674	93.931	3	1	1	169.254	106.078	629.649
274.088	93.121	3	1	1	173.492	106.078	629.649
273.271	92.544	3	1	1	173.418	106.078	629.649
272.423	92.014	3	1	1	176.192	106.078	629.649
271.575	91.484	3	1	1	177.784	106.078	629.649
270.727	90.954	3	1	1	175.786	106.078	629.649
269.879	90.424	3	1	1	174.243	106.078	629.649
269.031	89.894	3	1	1	177.644	106.078	629.649
268.183	89.364	3	1	1	175.174	106.078	629.649
267.335	88.834	3	1	1	187.354	106.078	629.649
266.487	88.304	3	1	1	187.297	106.078	629.649
265.639	87.774	3	1	1	177.366	106.078	629.649
264.791	87.244	3	1	1	181.116	106.078	629.649
263.943	86.714	3	1	1	179.881	106.078	629.649
263.095	86.184	3	1	1	187.849	106.078	629.649
262.247	85.654	3	1	1	176.285	106.078	629.649
261.322	85.272	3	1	1	187.471	106.078	629.649
260.375	84.953	3	1	1	184.047	106.078	629.649
259.427	84.634	3	1	1	178.692	106.078	629.649
258.479	84.315	3	1	1	186.114	106.078	629.649
257.531	83.997	3	1	1	190.177	106.078	629.649
256.583	83.678	3	1	1	179.009	106.078	629.649
255.636	83.359	3	1	1	183.203	106.078	629.649
254.688	83.040	3	1	1	188.277	106.078	629.649
253.740	82.721	3	1	1	191.947	106.078	629.649
252.792	82.402	3	1	1	182.125	106.078	629.649
251.845	82.083	3	1	1	174.758	106.078	629.649
250.897	81.764	3	1	1	182.600	106.078	629.649
249.949	81.445	3	1	1	175.762	106.078	629.649
249.001	81.127	3	1	1	183.166	106.078	629.649
248.053	80.808	3	1	1	180.766	106.078	629.649
247.106	80.489	3	1	1	191.136	106.078	629.649
246.158	80.170	3	1	1	194.676	106.078	629.649
245.210	79.851	3	1	1	179.608	106.078	629.649
244.262	79.532	3	1	1	178.794	106.078	629.649
243.289	79.303	3	1	1	180.574	106.078	629.649
242.313	79.083	3	1	1	176.713	106.078	629.649
241.338	78.863	3	1	1	184.613	106.078	629.649
240.362	78.644	3	1	1	183.605	106.078	629.649
239.386	78.424	3	1	1	180.523	106.078	629.649
238.411	78.205	3	1	1	178.408	106.078	629.649
237.435	77.985	3	1	1	188.085	106.078	629.649
236.460	77.766	3	1	1	189.580	106.078	629.649
235.484	77.546	3	1	1	189.579	106.078	629.649
234.508	77.327	3	1	1	193.497	106.078	629.649
233.533	77.107	3	1	1	187.407	106.078	629.649
232.557	76.888	3	1	1	178.970	106.078	629.649
231.582	76.668	3	1	1	175.918	106.078	629.649
230.586	76.578	3	1	1	181.197	106.078	629.649
229.631	76.876	3	1	1	187.079	106.078	629.649
228.677	77.175	3	1	1	186.157	106.078	629.649
227.723	77.474	3	1	1	185.668	106.078	629.649
226.768	77.773	3	1	1	172.546	106.078	629.649
225.814	78.071	3	1	1	172.054	106.078	629.649
224.860	78.370	3	1	1	184.857	106.078	629.649
223.905	78.669	3	1	1	176.302	106.078	629.649
222.951	78.967	3	1	1	171.080	106.078	629.649
221.997	79.266	3	1	1	171.220	106.078	629.649
221.023	79.493	3	1	1	173.081	106.078	629.649
220.023	79.462	3	1	1	169.922	106.078	629.649
219.024	79.430	3	1	1	165.205	106.078	629.649
218.024	79.399	3	1	1	167.197	106.078	629.649
217.025	79.368	3	1	1	163.276	106.078	629.649
216.025	79.337	3	1	1	170.925	106.078	629.649
215.026	79.305	3	1	1	169.253	106.078	629.649
214.026	79.274	3	1	1	160.415	106.078	629.649
213.039	79.113	3	1	1	164.435	106.078	629.649
212.202	78.566	3	1	1	167.515	106.078	629.649
211.364	78.020	3	1	1	169.381	106.078	629.649
210.527	77.474	3	1	1	160.046	106.078	629.649
209.689	76.928	3	1	1	155.808	106.078	629.649
208.851	76.381	3	1	1	157.755	106.078	629.649
208.014	75.835	3	1	1	154.321	106.078	629.649
207.083	75.469	3	1	1	164.928	106.078	629.649
206.086	75.394	3	1	1	157.478	106.078	629.649
205.089	75.319	3	1	1	163.099	106.078	629.649
204.092	75.244	3	1	1	149.208	106.078	629.649
203.094	75.170	3	1	1	155.897	106.078	629.649
202.097	75.095	3	1	1	161.092	106.078	629.649
201.100	75.020	3	1	1	147.572	106.078	629.649
200.103	74.945	3	1	1	147.941	106.078	629.649
199.106	74.870	3	1	1	157.315	106.078	629.649
198.108	74.796	3	1	1	154.533	106.078	629.649
197.111	74.721	3	1	1	149.378	106.078	629.649
196.114	74.646	3	1	1	159.117	106.078	629.649
195.117	74.571	3	1	1	148.872	106.078	629.649
194.120	74.496	3	1	1	148.231	106.078	629.649
193.122	74.422	3	1	1	149.168	106.078	629.649
192.125	74.347	3	1	1	160.223	106.078	629.649
191.128	74.272	3	1	1	146.315	106.078	629.649
190.131	74.197	3	1	1	148.135	106.078	629.649
189.134	74.123	3	1	1	154.139	106.078	629.649
188.136	74.048	3	1	1	146.542	106.078	629.649
187.137	74.025	3	1	1	156.935	106.078	629.649
186.139	74.095	3	1	1	152.397	106.078	629.649
185.141	74.165	3	1	1	153.155	106.078	629.649
184.144	74.234	3	1	1	148.525	106.078	629.649
183.146	74.304	3	1	1	161.925	106.078	629.649
182.149	74.373	3	1	1	141.067	106.078	629.649
181.151	74.443	3	1	1	134.125	106.078	629.649
180.154	74.513	3	1	1	154.148	106.078	629.649
179.156	74.582	3	1	1	148.931	106.078	629.649
178.158	74.652	3	1	1	144.702	106.078	629.649
177.161	74.721	3	1	1	148.990	106.078	629.649
176.163	74.791	3	1	1	146.206	106.078	629.649
175.166	74.861	3	1	1	142.401	106.078	629.649
174.168	74.930	3	1	1	148.367	106.078	629.649
173.171	75.000	3	1	1	144.976	106.078	629.649
172.173	75.069	3	1	1	150.941	106.078	629.649
171.175	75.139	3	1	1	140.219	106.078	629.649
170.178	75.209	3	1	1	142.009	106.078	629.649
169.180	75.278	3	1	1	141.498	106.078	629.649
168.183	75.348	3	1	1	141.447	106.078	629.649
167.185	75.417	3	1	1	141.217	106.078	629.649
166.188	75.487	3	1	1	137.252	106.078	629.649
165.282	75.912	3	1	1	141.874	106.078	629.649
164.415	76.410	3	1	1	147.147	106.078	629.649
163.548	76.908	3	1	1	144.884	106.078	629.649
162.681	77.406	3	1	1	138.167	106.078	629.649
161.814	77.904	3	1	1	132.853	106.078	629.649
160.947	78.402	3	1	1	134.516	106.078	629.649
160.079	78.900	3	1	1	148.860	106.078	629.649
159.212	79.398	3	1	1	134.668	106.078	629.649
158.345	79.896	3	1	1	136.246	106.078	629.649
157.478	80.394	3	1	1	138.459	106.078	629.649
156.611	80.892	3	1	1	136.194	106.078	629.649
155.743	81.390	3	1	1	136.869	106.078	629.649
154.876	81.888	3	1	1	135.628	106.078	629.649
154.009	82.386	3	1	1	135.077	106.078	629.649
153.142	82.884	3	1	1	138.606	106.078	629.649
152.275	83.382	3	1	1	135.291	106.078	629.649
151.407	83.880	3	1	1	134.556	106.078	629.649
150.540	84.378	3	1	1	139.571	106.078	629.649
149.673	84.876	3	1	1	135.485	106.078	629.649
148.847	85.440	3	1	1	128.398	106.078	629.649
148.088	86.090	3	1	1	133.712	106.078	629.649
147.328	86.740	3	1	1	133.413	106.078	629.649
146.568	87.391	3	1	1	144.486	106.078	629.649
145.809	88.041	3	1	1	135.850	106.078	629.649
145.049	88.691	3	1	1	130.145	106.078	629.649
144.289	89.341	3	1	1	130.231	106.078	629.649
143.529	89.992	3	1	1	128.086	106.078	629.649
142.770	90.642	3	1	1	126.816	106.078	629.649
142.010	91.292	3	1	1	126.233	106.078	629.649
141.250	91.943	3	1	1	134.770	106.078	629.649
140.491	92.593	3	1	1	133.230	106.078	629.649
139.731	93.243	3	1	1	122.771	106.078	629.649
138.971	93.893	3	1	1	130.116	106.078	629.649
138.211	94.544	3	1	1	133.375	106.078	629.649
137.452	95.194	3	1	1	132.508	106.078	629.649
136.692	95.844	3	1	1	129.541	106.078	629.649
135.932	96.494	3	1	1	134.656	106.078	629.649
135.173	97.145	3	1	1	134.969	106.078	629.649
134.413	97.795	3	1	1	133.462	106.078	629.649
133.653	98.445	3	1	1	135.424	106.078	629.649
132.893	99.095	3	1	1	130.377	106.078	629.649
132.134	99.746	3	1	1	129.242	106.078	629.649
131.374	100.396	3	1	1	129.312	106.078	629.649
130.614	101.046	3	1	1	129.308	106.078	629.649
129.855	101.696	3	1	1	130.700	106.078	629.649
129.171	102.426	3	1	1	134.047	106.078	629.649
128.560	103.218	3	1	1	131.802	106.078	629.649
127.949	104.010	3	1	1	125.693	106.078	629.649
127.338	104.801	3	1	1	131.429	106.078	629.649
126.727	105.593	3	1	1	128.810	106.078	629.649
126.116	106.385	3	1	1	132.082	106.078	629.649
125.506	107.176	3	1	1	130.692	106.078	629.649
124.895	107.968	3	1	1	130.483	106.078	629.649
124.284	108.760	3	1	1	128.668	106.078	629.649
123.673	109.552	3	1	1	128.617	106.078	629.649
123.062	110.343	3	1	1	125.173	106.078	629.649
122.451	111.135	3	1	1	128.146	106.078	629.649
121.840	111.927	3	1	1	131.397	106.078	629.649
121.229	112.718	3	1	1	130.630	106.078	629.649
120.618	113.510	3	1	1	130.648	106.078	629.649
120.007	114.302	3	1	1	130.882	106.078	629.649
119.396	115.093	3	1	1	136.984	106.078	629.649
118.785	115.885	3	1	1	126.322	106.078	629.649
118.175	116.677	3	1	1	129.079	106.078	629.649
117.564	117.469	3	1	1	129.567	106.078	629.649
116.953	118.260	3	1	1	132.503	106.078	629.649
116.342	119.052	3	1	1	125.349	106.078	629.649
115.731	119.844	3	1	1	133.692	106.078	629.649
115.120	120.635	3	1	1	135.971	106.078	629.649
114.509	121.427	3	1	1	134.754	106.078	629.649
113.898	122.219	3	1	1	135.822	106.078	629.649
113.287	123.010	3	1	1	127.786	106.078	629.649
112.631	123.765	3	1	1	130.772	106.078	629.649
111.963	124.509	3	1	1	128.704	106.078	629.649
111.295	125.254	3	1	1	129.463	106.078	629.649
110.628	125.998	3	1	1	129.669	106.078	629.649
109.960	126.743	3	1	1	134.456	106.078	629.649
109.293	127.487	3	1	1	136.447	106.078	629.649
108.625	128.232	3	1	1	129.406	106.078	629.649
107.958	128.977	3	1	1	132.190	106.078	629.649
107.290	129.721	3	1	1	131.627	106.078	629.649
106.623	130.466	3	1	1	138.077	106.078	629.649
105.955	131.210	3	1	1	132.371	106.078	629.649
105.288	131.955	3	1	1	128.804	106.078	629.649
104.620	132.699	3	1	1	130.399	106.078	629.649
