X	Y	C	Z	T	Intensity	BG	MX
108.750	133.250	2	1	1	441.483	105.087	164.166
108.175	134.068	2	1	1	394.394	105.087	164.166
107.599	134.886	2	1	1	334.080	105.087	164.166
107.024	135.703	2	1	1	266.873	105.087	164.166
106.448	136.521	2	1	1	252.644	105.087	164.166
105.873	137.339	2	1	1	248.354	105.087	164.166
105.297	138.157	2	1	1	222.552	105.087	164.166
104.722	138.975	2	1	1	228.088	105.087	164.166
104.146	139.792	2	1	1	233.430	105.087	164.166
103.634	140.651	2	1	1	240.387	105.087	164.166
103.143	141.523	2	1	1	276.348	105.087	164.166
102.653	142.394	2	1	1	296.980	105.087	164.166
102.163	143.266	2	1	1	333.694	105.087	164.166
101.673	144.138	2	1	1	395.027	105.087	164.166
101.182	145.009	2	1	1	481.537	105.087	164.166
100.692	145.881	2	1	1	600.749	105.087	164.166
100.202	146.752	2	1	1	661.728	105.087	164.166
99.712	147.624	2	1	1	662.632	105.087	164.166
99.182	148.472	2	1	1	579.682	105.087	164.166
98.622	149.301	2	1	1	467.005	105.087	164.166
98.063	150.129	2	1	1	392.135	105.087	164.166
97.503	150.958	2	1	1	344.107	105.087	164.166
96.944	151.787	2	1	1	310.200	105.087	164.166
96.384	152.616	2	1	1	268.030	105.087	164.166
95.825	153.445	2	1	1	264.824	105.087	164.166
95.265	154.274	2	1	1	273.095	105.087	164.166
94.706	155.103	2	1	1	264.473	105.087	164.166
94.146	155.931	2	1	1	316.508	105.087	164.166
93.587	156.760	2	1	1	356.397	105.087	164.166
93.027	157.589	2	1	1	414.113	105.087	164.166
92.488	158.431	2	1	1	459.283	105.087	164.166
91.969	159.286	2	1	1	470.254	105.087	164.166
91.450	160.141	2	1	1	455.766	105.087	164.166
90.931	160.996	2	1	1	448.777	105.087	164.166
90.412	161.850	2	1	1	416.109	105.087	164.166
89.893	162.705	2	1	1	372.407	105.087	164.166
89.374	163.560	2	1	1	300.770	105.087	164.166
88.855	164.415	2	1	1	265.001	105.087	164.166
88.402	165.306	2	1	1	230.300	105.087	164.166
88.096	166.258	2	1	1	201.304	105.087	164.166
87.790	167.210	2	1	1	208.183	105.087	164.166
87.484	168.162	2	1	1	221.563	105.087	164.166
87.178	169.114	2	1	1	251.333	105.087	164.166
86.872	170.066	2	1	1	306.166	105.087	164.166
86.566	171.018	2	1	1	364.025	105.087	164.166
86.260	171.970	2	1	1	470.361	105.087	164.166
85.954	172.922	2	1	1	619.589	105.087	164.166
85.648	173.874	2	1	1	671.116	105.087	164.166
85.342	174.826	2	1	1	707.119	105.087	164.166
85.036	175.778	2	1	1	585.732	105.087	164.166
84.730	176.730	2	1	1	446.246	105.087	164.166
84.424	177.682	2	1	1	355.367	105.087	164.166
84.118	178.634	2	1	1	288.460	105.087	164.166
83.899	179.610	2	1	1	260.789	105.087	164.166
83.736	180.597	2	1	1	254.816	105.087	164.166
83.573	181.584	2	1	1	268.677	105.087	164.166
83.410	182.570	2	1	1	312.947	105.087	164.166
83.247	183.557	2	1	1	400.134	105.087	164.166
83.084	184.543	2	1	1	459.441	105.087	164.166
82.921	185.530	2	1	1	462.423	105.087	164.166
82.758	186.517	2	1	1	464.547	105.087	164.166
82.595	187.503	2	1	1	414.604	105.087	164.166
82.432	188.490	2	1	1	366.606	105.087	164.166
82.269	189.477	2	1	1	327.862	105.087	164.166
82.106	190.463	2	1	1	291.806	105.087	164.166
81.943	191.450	2	1	1	252.756	105.087	164.166
81.780	192.436	2	1	1	235.955	105.087	164.166
81.617	193.423	2	1	1	216.580	105.087	164.166
81.454	194.410	2	1	1	199.731	105.087	164.166
81.291	195.396	2	1	1	193.355	105.087	164.166
81.128	196.383	2	1	1	195.755	105.087	164.166
80.965	197.370	2	1	1	191.339	105.087	164.166
80.813	198.358	2	1	1	192.652	105.087	164.166
80.709	199.352	2	1	1	212.142	105.087	164.166
80.604	200.347	2	1	1	226.886	105.087	164.166
80.499	201.341	2	1	1	234.734	105.087	164.166
80.394	202.336	2	1	1	252.056	105.087	164.166
80.290	203.330	2	1	1	316.426	105.087	164.166
80.185	204.325	2	1	1	452.865	105.087	164.166
80.080	205.319	2	1	1	667.049	105.087	164.166
79.976	206.314	2	1	1	881.037	105.087	164.166
79.871	207.308	2	1	1	969.425	105.087	164.166
79.766	208.303	2	1	1	923.837	105.087	164.166
79.662	209.297	2	1	1	764.492	105.087	164.166
79.557	210.292	2	1	1	625.517	105.087	164.166
79.452	211.286	2	1	1	550.085	105.087	164.166
79.348	212.281	2	1	1	543.875	105.087	164.166
79.243	213.275	2	1	1	649.035	105.087	164.166
79.290	214.274	2	1	1	809.922	105.087	164.166
79.701	215.186	2	1	1	931.198	105.087	164.166
80.111	216.098	2	1	1	966.533	105.087	164.166
80.521	217.010	2	1	1	898.560	105.087	164.166
80.932	217.922	2	1	1	792.543	105.087	164.166
81.342	218.834	2	1	1	717.147	105.087	164.166
81.752	219.746	2	1	1	696.162	105.087	164.166
82.163	220.658	2	1	1	672.635	105.087	164.166
82.573	221.570	2	1	1	582.056	105.087	164.166
82.983	222.482	2	1	1	475.223	105.087	164.166
83.394	223.394	2	1	1	426.621	105.087	164.166
83.804	224.306	2	1	1	398.223	105.087	164.166
84.215	225.217	2	1	1	405.245	105.087	164.166
84.625	226.129	2	1	1	369.099	105.087	164.166
85.035	227.041	2	1	1	337.968	105.087	164.166
85.446	227.953	2	1	1	297.336	105.087	164.166
85.856	228.865	2	1	1	325.453	105.087	164.166
86.266	229.777	2	1	1	375.459	105.087	164.166
86.678	230.688	2	1	1	400.827	105.087	164.166
87.159	231.565	2	1	1	386.658	105.087	164.166
87.640	232.442	2	1	1	329.461	105.087	164.166
88.121	233.319	2	1	1	282.966	105.087	164.166
88.601	234.196	2	1	1	264.117	105.087	164.166
89.082	235.072	2	1	1	268.118	105.087	164.166
89.563	235.949	2	1	1	299.987	105.087	164.166
90.044	236.826	2	1	1	342.962	105.087	164.166
90.524	237.703	2	1	1	427.900	105.087	164.166
91.005	238.580	2	1	1	499.340	105.087	164.166
91.486	239.457	2	1	1	562.404	105.087	164.166
91.967	240.334	2	1	1	581.984	105.087	164.166
92.447	241.211	2	1	1	542.722	105.087	164.166
92.928	242.087	2	1	1	521.066	105.087	164.166
93.409	242.964	2	1	1	483.053	105.087	164.166
93.890	243.841	2	1	1	483.447	105.087	164.166
94.370	244.718	2	1	1	553.080	105.087	164.166
94.851	245.595	2	1	1	593.832	105.087	164.166
95.332	246.472	2	1	1	560.250	105.087	164.166
95.812	247.349	2	1	1	511.388	105.087	164.166
96.293	248.225	2	1	1	508.834	105.087	164.166
96.774	249.102	2	1	1	513.504	105.087	164.166
97.255	249.979	2	1	1	558.064	105.087	164.166
97.735	250.856	2	1	1	576.968	105.087	164.166
98.216	251.733	2	1	1	552.560	105.087	164.166
98.697	252.610	2	1	1	541.103	105.087	164.166
99.178	253.487	2	1	1	656.950	105.087	164.166
99.658	254.364	2	1	1	821.005	105.087	164.166
100.139	255.240	2	1	1	916.546	105.087	164.166
100.620	256.117	2	1	1	846.288	105.087	164.166
101.101	256.994	2	1	1	727.197	105.087	164.166
101.581	257.871	2	1	1	596.622	105.087	164.166
102.062	258.748	2	1	1	523.487	105.087	164.166
102.543	259.625	2	1	1	526.615	105.087	164.166
103.024	260.502	2	1	1	543.533	105.087	164.166
103.504	261.378	2	1	1	532.760	105.087	164.166
103.985	262.255	2	1	1	496.263	105.087	164.166
104.466	263.132	2	1	1	495.634	105.087	164.166
104.946	264.009	2	1	1	561.060	105.087	164.166
105.427	264.886	2	1	1	670.532	105.087	164.166
105.908	265.763	2	1	1	740.821	105.087	164.166
106.389	266.640	2	1	1	763.399	105.087	164.166
106.869	267.517	2	1	1	785.690	105.087	164.166
107.350	268.393	2	1	1	741.561	105.087	164.166
107.858	269.255	2	1	1	695.423	105.087	164.166
108.379	270.109	2	1	1	662.300	105.087	164.166
108.899	270.963	2	1	1	672.219	105.087	164.166
109.419	271.817	2	1	1	659.962	105.087	164.166
109.939	272.671	2	1	1	667.175	105.087	164.166
110.460	273.525	2	1	1	616.383	105.087	164.166
110.980	274.379	2	1	1	522.275	105.087	164.166
111.500	275.233	2	1	1	406.096	105.087	164.166
112.020	276.087	2	1	1	294.141	105.087	164.166
112.541	276.941	2	1	1	235.030	105.087	164.166
113.061	277.795	2	1	1	210.208	105.087	164.166
113.581	278.649	2	1	1	202.505	105.087	164.166
114.102	279.503	2	1	1	184.653	105.087	164.166
114.622	280.357	2	1	1	215.102	105.087	164.166
115.142	281.211	2	1	1	215.706	105.087	164.166
115.662	282.065	2	1	1	251.104	105.087	164.166
116.183	282.919	2	1	1	288.381	105.087	164.166
116.703	283.773	2	1	1	351.561	105.087	164.166
117.223	284.627	2	1	1	412.635	105.087	164.166
117.744	285.481	2	1	1	457.175	105.087	164.166
118.264	286.335	2	1	1	482.995	105.087	164.166
118.784	287.189	2	1	1	460.323	105.087	164.166
119.304	288.043	2	1	1	426.325	105.087	164.166
119.825	288.897	2	1	1	404.524	105.087	164.166
120.345	289.751	2	1	1	379.503	105.087	164.166
120.865	290.605	2	1	1	379.406	105.087	164.166
121.386	291.459	2	1	1	370.122	105.087	164.166
121.906	292.313	2	1	1	344.426	105.087	164.166
122.426	293.167	2	1	1	327.990	105.087	164.166
122.946	294.021	2	1	1	351.052	105.087	164.166
123.467	294.875	2	1	1	342.920	105.087	164.166
123.987	295.729	2	1	1	330.845	105.087	164.166
124.753	296.371	2	1	1	325.411	105.087	164.166
125.525	297.007	2	1	1	355.195	105.087	164.166
126.297	297.643	2	1	1	419.576	105.087	164.166
127.068	298.279	2	1	1	501.579	105.087	164.166
127.840	298.915	2	1	1	619.256	105.087	164.166
128.611	299.551	2	1	1	692.809	105.087	164.166
129.383	300.187	2	1	1	681.396	105.087	164.166
130.155	300.823	2	1	1	630.193	105.087	164.166
130.926	301.460	2	1	1	586.153	105.087	164.166
131.698	302.096	2	1	1	519.789	105.087	164.166
132.470	302.732	2	1	1	517.922	105.087	164.166
133.241	303.368	2	1	1	526.742	105.087	164.166
134.013	304.004	2	1	1	564.934	105.087	164.166
134.784	304.640	2	1	1	598.249	105.087	164.166
135.556	305.276	2	1	1	592.204	105.087	164.166
136.328	305.912	2	1	1	553.348	105.087	164.166
137.099	306.548	2	1	1	477.735	105.087	164.166
137.871	307.184	2	1	1	410.572	105.087	164.166
138.643	307.820	2	1	1	355.172	105.087	164.166
139.414	308.456	2	1	1	333.708	105.087	164.166
140.186	309.092	2	1	1	323.343	105.087	164.166
140.957	309.728	2	1	1	361.987	105.087	164.166
141.729	310.365	2	1	1	342.422	105.087	164.166
142.501	311.000	2	1	1	325.306	105.087	164.166
143.489	311.158	2	1	1	337.034	105.087	164.166
144.476	311.315	2	1	1	365.651	105.087	164.166
145.464	311.473	2	1	1	331.817	105.087	164.166
146.451	311.630	2	1	1	292.640	105.087	164.166
147.439	311.788	2	1	1	266.956	105.087	164.166
148.426	311.946	2	1	1	237.764	105.087	164.166
149.414	312.103	2	1	1	207.792	105.087	164.166
150.401	312.261	2	1	1	194.582	105.087	164.166
151.389	312.418	2	1	1	190.575	105.087	164.166
152.376	312.576	2	1	1	190.983	105.087	164.166
153.364	312.734	2	1	1	189.463	105.087	164.166
154.351	312.891	2	1	1	191.331	105.087	164.166
155.339	313.049	2	1	1	202.033	105.087	164.166
156.326	313.206	2	1	1	220.179	105.087	164.166
157.314	313.364	2	1	1	237.895	105.087	164.166
158.297	313.548	2	1	1	248.617	105.087	164.166
159.234	313.897	2	1	1	234.448	105.087	164.166
160.171	314.246	2	1	1	231.972	105.087	164.166
161.108	314.595	2	1	1	204.089	105.087	164.166
162.045	314.943	2	1	1	197.488	105.087	164.166
162.983	315.292	2	1	1	196.118	105.087	164.166
163.920	315.641	2	1	1	174.754	105.087	164.166
164.857	315.989	2	1	1	182.602	105.087	164.166
165.794	316.338	2	1	1	172.402	105.087	164.166
166.732	316.687	2	1	1	168.410	105.087	164.166
167.669	317.036	2	1	1	151.817	105.087	164.166
168.606	317.384	2	1	1	148.804	105.087	164.166
169.543	317.733	2	1	1	156.706	105.087	164.166
170.480	318.082	2	1	1	149.177	105.087	164.166
171.418	318.431	2	1	1	157.532	105.087	164.166
172.355	318.779	2	1	1	167.544	105.087	164.166
173.292	319.129	2	1	1	177.842	105.087	164.166
174.229	319.479	2	1	1	206.545	105.087	164.166
175.165	319.829	2	1	1	253.941	105.087	164.166
176.102	320.179	2	1	1	287.636	105.087	164.166
177.039	320.529	2	1	1	276.441	105.087	164.166
177.976	320.879	2	1	1	268.339	105.087	164.166
178.912	321.229	2	1	1	253.286	105.087	164.166
179.849	321.579	2	1	1	241.923	105.087	164.166
180.786	321.929	2	1	1	232.622	105.087	164.166
181.723	322.279	2	1	1	206.755	105.087	164.166
182.659	322.629	2	1	1	190.484	105.087	164.166
183.596	322.978	2	1	1	178.864	105.087	164.166
184.533	323.328	2	1	1	180.199	105.087	164.166
185.470	323.678	2	1	1	175.529	105.087	164.166
186.407	324.028	2	1	1	180.984	105.087	164.166
187.368	324.303	2	1	1	182.835	105.087	164.166
188.358	324.444	2	1	1	185.423	105.087	164.166
189.348	324.585	2	1	1	191.987	105.087	164.166
190.338	324.727	2	1	1	195.604	105.087	164.166
191.328	324.868	2	1	1	199.868	105.087	164.166
192.318	325.010	2	1	1	221.372	105.087	164.166
193.308	325.151	2	1	1	256.106	105.087	164.166
194.298	325.293	2	1	1	306.840	105.087	164.166
195.288	325.434	2	1	1	381.645	105.087	164.166
196.278	325.575	2	1	1	437.844	105.087	164.166
197.268	325.717	2	1	1	439.152	105.087	164.166
198.258	325.858	2	1	1	410.408	105.087	164.166
199.248	326.000	2	1	1	361.627	105.087	164.166
200.238	326.141	2	1	1	308.672	105.087	164.166
201.233	326.233	2	1	1	258.601	105.087	164.166
202.231	326.159	2	1	1	249.031	105.087	164.166
203.228	326.086	2	1	1	264.848	105.087	164.166
204.225	326.012	2	1	1	252.050	105.087	164.166
205.222	325.939	2	1	1	253.051	105.087	164.166
206.220	325.865	2	1	1	270.514	105.087	164.166
207.217	325.791	2	1	1	283.406	105.087	164.166
208.214	325.718	2	1	1	335.060	105.087	164.166
209.212	325.644	2	1	1	399.147	105.087	164.166
210.209	325.571	2	1	1	486.533	105.087	164.166
211.208	325.520	2	1	1	585.485	105.087	164.166
212.102	325.968	2	1	1	678.083	105.087	164.166
212.996	326.415	2	1	1	692.766	105.087	164.166
213.891	326.862	2	1	1	729.997	105.087	164.166
214.785	327.309	2	1	1	665.764	105.087	164.166
215.680	327.757	2	1	1	540.671	105.087	164.166
216.574	328.204	2	1	1	410.046	105.087	164.166
217.469	328.651	2	1	1	316.496	105.087	164.166
218.363	329.098	2	1	1	266.766	105.087	164.166
219.257	329.545	2	1	1	225.959	105.087	164.166
220.152	329.993	2	1	1	218.715	105.087	164.166
221.046	330.440	2	1	1	212.137	105.087	164.166
222.043	330.520	2	1	1	218.608	105.087	164.166
223.043	330.544	2	1	1	212.735	105.087	164.166
224.043	330.567	2	1	1	268.299	105.087	164.166
225.042	330.590	2	1	1	301.088	105.087	164.166
226.042	330.613	2	1	1	378.106	105.087	164.166
227.042	330.637	2	1	1	447.294	105.087	164.166
228.041	330.660	2	1	1	447.398	105.087	164.166
229.041	330.683	2	1	1	400.273	105.087	164.166
230.041	330.706	2	1	1	353.064	105.087	164.166
231.041	330.730	2	1	1	291.890	105.087	164.166
232.040	330.753	2	1	1	244.604	105.087	164.166
233.040	330.776	2	1	1	217.995	105.087	164.166
234.040	330.799	2	1	1	178.960	105.087	164.166
235.040	330.823	2	1	1	174.703	105.087	164.166
235.961	330.434	2	1	1	169.954	105.087	164.166
236.717	329.779	2	1	1	171.365	105.087	164.166
237.472	329.124	2	1	1	177.754	105.087	164.166
238.228	328.469	2	1	1	188.811	105.087	164.166
238.984	327.814	2	1	1	207.082	105.087	164.166
239.739	327.159	2	1	1	249.936	105.087	164.166
240.495	326.504	2	1	1	297.083	105.087	164.166
241.251	325.849	2	1	1	367.954	105.087	164.166
242.006	325.194	2	1	1	400.626	105.087	164.166
242.762	324.539	2	1	1	390.224	105.087	164.166
243.518	323.885	2	1	1	369.109	105.087	164.166
244.273	323.230	2	1	1	331.282	105.087	164.166
245.029	322.575	2	1	1	332.380	105.087	164.166
245.785	321.920	2	1	1	373.987	105.087	164.166
246.541	321.265	2	1	1	424.268	105.087	164.166
247.296	320.610	2	1	1	458.422	105.087	164.166
248.052	319.955	2	1	1	487.886	105.087	164.166
248.808	319.300	2	1	1	528.403	105.087	164.166
249.563	318.645	2	1	1	584.184	105.087	164.166
250.319	317.990	2	1	1	603.133	105.087	164.166
251.084	317.346	2	1	1	578.311	105.087	164.166
251.852	316.706	2	1	1	555.786	105.087	164.166
252.621	316.066	2	1	1	486.895	105.087	164.166
253.389	315.426	2	1	1	423.397	105.087	164.166
254.157	314.786	2	1	1	365.519	105.087	164.166
254.925	314.146	2	1	1	338.092	105.087	164.166
255.694	313.505	2	1	1	294.430	105.087	164.166
256.462	312.865	2	1	1	299.036	105.087	164.166
257.230	312.225	2	1	1	294.310	105.087	164.166
257.998	311.585	2	1	1	278.637	105.087	164.166
258.766	310.945	2	1	1	309.173	105.087	164.166
259.535	310.304	2	1	1	348.498	105.087	164.166
260.303	309.664	2	1	1	334.837	105.087	164.166
261.071	309.024	2	1	1	309.620	105.087	164.166
261.839	308.384	2	1	1	280.912	105.087	164.166
262.608	307.744	2	1	1	245.001	105.087	164.166
263.376	307.103	2	1	1	255.122	105.087	164.166
264.144	306.463	2	1	1	258.429	105.087	164.166
264.912	305.823	2	1	1	277.928	105.087	164.166
265.680	305.183	2	1	1	311.881	105.087	164.166
266.449	304.543	2	1	1	343.834	105.087	164.166
267.182	303.863	2	1	1	381.816	105.087	164.166
267.913	303.181	2	1	1	363.517	105.087	164.166
268.644	302.499	2	1	1	349.107	105.087	164.166
269.375	301.816	2	1	1	361.305	105.087	164.166
270.107	301.134	2	1	1	407.771	105.087	164.166
270.838	300.452	2	1	1	460.955	105.087	164.166
271.569	299.769	2	1	1	523.397	105.087	164.166
272.300	299.087	2	1	1	542.579	105.087	164.166
273.031	298.405	2	1	1	537.102	105.087	164.166
273.762	297.722	2	1	1	485.454	105.087	164.166
274.493	297.040	2	1	1	437.292	105.087	164.166
275.224	296.358	2	1	1	378.212	105.087	164.166
275.955	295.675	2	1	1	357.948	105.087	164.166
276.725	295.038	2	1	1	369.328	105.087	164.166
277.594	294.542	2	1	1	385.805	105.087	164.166
278.462	294.046	2	1	1	414.886	105.087	164.166
279.330	293.549	2	1	1	535.603	105.087	164.166
280.198	293.053	2	1	1	663.376	105.087	164.166
281.067	292.557	2	1	1	711.063	105.087	164.166
281.935	292.061	2	1	1	647.588	105.087	164.166
282.803	291.565	2	1	1	524.495	105.087	164.166
283.671	291.069	2	1	1	418.917	105.087	164.166
284.540	290.573	2	1	1	374.764	105.087	164.166
285.408	290.076	2	1	1	390.410	105.087	164.166
286.276	289.580	2	1	1	405.241	105.087	164.166
287.144	289.084	2	1	1	405.446	105.087	164.166
288.013	288.588	2	1	1	381.303	105.087	164.166
288.910	288.146	2	1	1	356.135	105.087	164.166
289.813	287.716	2	1	1	376.674	105.087	164.166
290.715	287.286	2	1	1	397.223	105.087	164.166
291.618	286.856	2	1	1	434.095	105.087	164.166
292.521	286.426	2	1	1	527.067	105.087	164.166
293.424	285.997	2	1	1	647.233	105.087	164.166
294.327	285.567	2	1	1	735.330	105.087	164.166
295.187	285.056	2	1	1	796.159	105.087	164.166
295.367	284.073	2	1	1	766.938	105.087	164.166
295.547	283.089	2	1	1	645.472	105.087	164.166
295.727	282.105	2	1	1	546.525	105.087	164.166
295.907	281.122	2	1	1	460.904	105.087	164.166
296.087	280.138	2	1	1	411.219	105.087	164.166
296.290	279.159	2	1	1	380.073	105.087	164.166
296.697	278.245	2	1	1	389.018	105.087	164.166
297.103	277.331	2	1	1	426.285	105.087	164.166
297.509	276.418	2	1	1	447.009	105.087	164.166
297.915	275.504	2	1	1	426.111	105.087	164.166
298.455	274.662	2	1	1	356.717	105.087	164.166
299.374	274.268	2	1	1	369.527	105.087	164.166
300.293	273.874	2	1	1	410.467	105.087	164.166
301.212	273.480	2	1	1	510.081	105.087	164.166
302.132	273.086	2	1	1	566.761	105.087	164.166
303.051	272.693	2	1	1	538.184	105.087	164.166
303.970	272.299	2	1	1	476.226	105.087	164.166
304.889	271.905	2	1	1	410.093	105.087	164.166
305.837	271.586	2	1	1	411.123	105.087	164.166
306.800	271.316	2	1	1	471.888	105.087	164.166
307.763	271.046	2	1	1	587.887	105.087	164.166
308.726	270.777	2	1	1	755.993	105.087	164.166
309.689	270.507	2	1	1	855.181	105.087	164.166
310.652	270.238	2	1	1	870.101	105.087	164.166
311.598	269.914	2	1	1	780.566	105.087	164.166
312.347	269.251	2	1	1	591.653	105.087	164.166
313.096	268.588	2	1	1	445.953	105.087	164.166
313.845	267.926	2	1	1	324.317	105.087	164.166
314.594	267.263	2	1	1	246.845	105.087	164.166
315.343	266.601	2	1	1	241.140	105.087	164.166
316.092	265.938	2	1	1	250.714	105.087	164.166
316.841	265.276	2	1	1	285.174	105.087	164.166
317.590	264.613	2	1	1	281.735	105.087	164.166
318.243	263.856	2	1	1	281.920	105.087	164.166
318.769	263.005	2	1	1	285.391	105.087	164.166
319.294	262.155	2	1	1	314.225	105.087	164.166
319.820	261.304	2	1	1	330.669	105.087	164.166
320.345	260.453	2	1	1	333.696	105.087	164.166
320.871	259.602	2	1	1	338.517	105.087	164.166
321.396	258.751	2	1	1	363.731	105.087	164.166
321.922	257.901	2	1	1	404.026	105.087	164.166
322.447	257.050	2	1	1	437.037	105.087	164.166
322.973	256.199	2	1	1	441.231	105.087	164.166
323.361	255.277	2	1	1	435.954	105.087	164.166
323.590	254.304	2	1	1	410.451	105.087	164.166
323.819	253.331	2	1	1	354.481	105.087	164.166
324.048	252.357	2	1	1	290.278	105.087	164.166
324.316	251.394	2	1	1	221.117	105.087	164.166
324.846	250.546	2	1	1	211.331	105.087	164.166
325.376	249.698	2	1	1	245.551	105.087	164.166
325.906	248.850	2	1	1	311.788	105.087	164.166
326.436	248.002	2	1	1	406.288	105.087	164.166
326.966	247.154	2	1	1	435.276	105.087	164.166
327.496	246.306	2	1	1	404.244	105.087	164.166
328.026	245.458	2	1	1	387.231	105.087	164.166
328.556	244.610	2	1	1	410.298	105.087	164.166
329.086	243.762	2	1	1	494.627	105.087	164.166
329.369	242.803	2	1	1	553.322	105.087	164.166
329.537	241.817	2	1	1	539.789	105.087	164.166
329.706	240.831	2	1	1	506.608	105.087	164.166
329.874	239.845	2	1	1	478.524	105.087	164.166
330.042	238.860	2	1	1	467.951	105.087	164.166
330.211	237.874	2	1	1	491.252	105.087	164.166
330.379	236.888	2	1	1	490.240	105.087	164.166
330.547	235.902	2	1	1	535.478	105.087	164.166
330.715	234.917	2	1	1	566.848	105.087	164.166
330.884	233.931	2	1	1	562.836	105.087	164.166
330.920	232.932	2	1	1	538.300	105.087	164.166
330.678	231.962	2	1	1	496.753	105.087	164.166
330.435	230.991	2	1	1	524.972	105.087	164.166
330.193	230.021	2	1	1	558.650	105.087	164.166
329.950	229.051	2	1	1	547.993	105.087	164.166
329.708	228.081	2	1	1	546.074	105.087	164.166
329.465	227.111	2	1	1	526.211	105.087	164.166
329.223	226.141	2	1	1	465.951	105.087	164.166
328.980	225.171	2	1	1	414.310	105.087	164.166
328.739	224.200	2	1	1	357.828	105.087	164.166
328.522	223.224	2	1	1	305.353	105.087	164.166
328.304	222.248	2	1	1	277.632	105.087	164.166
328.087	221.272	2	1	1	262.914	105.087	164.166
327.869	220.296	2	1	1	254.504	105.087	164.166
327.652	219.320	2	1	1	293.874	105.087	164.166
327.435	218.344	2	1	1	343.789	105.087	164.166
327.217	217.367	2	1	1	384.860	105.087	164.166
327.000	216.391	2	1	1	430.421	105.087	164.166
326.782	215.415	2	1	1	487.777	105.087	164.166
326.565	214.439	2	1	1	580.271	105.087	164.166
326.348	213.463	2	1	1	724.488	105.087	164.166
326.130	212.487	2	1	1	867.935	105.087	164.166
325.913	211.511	2	1	1	885.220	105.087	164.166
325.696	210.535	2	1	1	798.256	105.087	164.166
325.478	209.559	2	1	1	644.233	105.087	164.166
325.261	208.583	2	1	1	512.010	105.087	164.166
325.043	207.607	2	1	1	476.830	105.087	164.166
324.826	206.631	2	1	1	519.037	105.087	164.166
324.609	205.654	2	1	1	568.494	105.087	164.166
324.273	204.712	2	1	1	608.924	105.087	164.166
323.826	203.818	2	1	1	591.595	105.087	164.166
323.378	202.924	2	1	1	533.423	105.087	164.166
322.931	202.029	2	1	1	462.702	105.087	164.166
322.484	201.135	2	1	1	442.805	105.087	164.166
322.037	200.240	2	1	1	469.335	105.087	164.166
321.590	199.346	2	1	1	423.515	105.087	164.166
321.142	198.451	2	1	1	449.103	105.087	164.166
320.695	197.557	2	1	1	464.146	105.087	164.166
320.248	196.663	2	1	1	443.478	105.087	164.166
319.801	195.768	2	1	1	434.930	105.087	164.166
319.354	194.874	2	1	1	427.309	105.087	164.166
318.906	193.979	2	1	1	473.014	105.087	164.166
318.459	193.085	2	1	1	505.528	105.087	164.166
318.012	192.190	2	1	1	530.599	105.087	164.166
317.565	191.296	2	1	1	529.133	105.087	164.166
317.117	190.402	2	1	1	525.612	105.087	164.166
316.670	189.507	2	1	1	498.816	105.087	164.166
316.223	188.613	2	1	1	468.659	105.087	164.166
315.776	187.718	2	1	1	426.396	105.087	164.166
315.329	186.824	2	1	1	392.427	105.087	164.166
314.881	185.930	2	1	1	348.609	105.087	164.166
314.434	185.035	2	1	1	335.049	105.087	164.166
313.987	184.141	2	1	1	297.826	105.087	164.166
313.540	183.246	2	1	1	282.664	105.087	164.166
313.093	182.352	2	1	1	261.072	105.087	164.166
312.645	181.457	2	1	1	251.846	105.087	164.166
312.198	180.563	2	1	1	237.903	105.087	164.166
311.751	179.669	2	1	1	234.866	105.087	164.166
311.276	178.788	2	1	1	255.939	105.087	164.166
310.768	177.927	2	1	1	274.245	105.087	164.166
310.259	177.066	2	1	1	308.836	105.087	164.166
309.750	176.205	2	1	1	340.878	105.087	164.166
309.241	175.345	2	1	1	367.710	105.087	164.166
308.733	174.484	2	1	1	391.184	105.087	164.166
308.224	173.623	2	1	1	427.094	105.087	164.166
307.715	172.762	2	1	1	423.620	105.087	164.166
307.207	171.901	2	1	1	429.582	105.087	164.166
306.698	171.040	2	1	1	449.490	105.087	164.166
306.189	170.179	2	1	1	404.483	105.087	164.166
305.680	169.318	2	1	1	357.400	105.087	164.166
305.172	168.457	2	1	1	311.529	105.087	164.166
304.663	167.596	2	1	1	279.646	105.087	164.166
304.154	166.735	2	1	1	275.383	105.087	164.166
303.645	165.874	2	1	1	272.869	105.087	164.166
303.137	165.013	2	1	1	281.260	105.087	164.166
302.628	164.153	2	1	1	312.577	105.087	164.166
302.119	163.292	2	1	1	324.049	105.087	164.166
301.611	162.431	2	1	1	314.499	105.087	164.166
301.102	161.570	2	1	1	343.548	105.087	164.166
300.593	160.709	2	1	1	368.014	105.087	164.166
300.084	159.848	2	1	1	366.129	105.087	164.166
299.576	158.987	2	1	1	362.453	105.087	164.166
299.067	158.126	2	1	1	348.264	105.087	164.166
298.558	157.265	2	1	1	324.693	105.087	164.166
298.019	156.423	2	1	1	317.840	105.087	164.166
297.477	155.583	2	1	1	311.399	105.087	164.166
296.934	154.743	2	1	1	298.944	105.087	164.166
296.392	153.902	2	1	1	302.760	105.087	164.166
295.849	153.062	2	1	1	323.585	105.087	164.166
295.307	152.222	2	1	1	339.061	105.087	164.166
294.764	151.382	2	1	1	330.622	105.087	164.166
294.222	150.542	2	1	1	312.063	105.087	164.166
293.679	149.702	2	1	1	304.143	105.087	164.166
293.137	148.862	2	1	1	299.962	105.087	164.166
292.594	148.022	2	1	1	301.072	105.087	164.166
292.052	147.182	2	1	1	314.932	105.087	164.166
291.509	146.342	2	1	1	319.028	105.087	164.166
290.967	145.502	2	1	1	308.519	105.087	164.166
290.424	144.662	2	1	1	315.130	105.087	164.166
289.882	143.822	2	1	1	304.028	105.087	164.166
289.339	142.982	2	1	1	305.561	105.087	164.166
288.797	142.142	2	1	1	320.268	105.087	164.166
288.254	141.302	2	1	1	336.536	105.087	164.166
287.686	140.479	2	1	1	347.813	105.087	164.166
287.114	139.659	2	1	1	354.810	105.087	164.166
286.541	138.839	2	1	1	336.238	105.087	164.166
285.968	138.019	2	1	1	332.281	105.087	164.166
285.396	137.199	2	1	1	318.942	105.087	164.166
284.823	136.380	2	1	1	330.529	105.087	164.166
284.251	135.560	2	1	1	318.510	105.087	164.166
283.678	134.740	2	1	1	310.705	105.087	164.166
283.105	133.920	2	1	1	296.469	105.087	164.166
282.533	133.100	2	1	1	297.390	105.087	164.166
281.960	132.280	2	1	1	283.834	105.087	164.166
281.388	131.460	2	1	1	267.764	105.087	164.166
280.815	130.641	2	1	1	275.907	105.087	164.166
280.243	129.821	2	1	1	293.075	105.087	164.166
279.670	129.001	2	1	1	309.740	105.087	164.166
279.097	128.181	2	1	1	307.155	105.087	164.166
278.525	127.361	2	1	1	316.190	105.087	164.166
277.952	126.541	2	1	1	308.986	105.087	164.166
277.380	125.722	2	1	1	314.970	105.087	164.166
276.807	124.902	2	1	1	365.761	105.087	164.166
276.234	124.082	2	1	1	420.877	105.087	164.166
275.662	123.262	2	1	1	441.008	105.087	164.166
275.089	122.442	2	1	1	471.157	105.087	164.166
274.517	121.622	2	1	1	477.391	105.087	164.166
273.944	120.803	2	1	1	454.451	105.087	164.166
273.341	120.004	2	1	1	421.589	105.087	164.166
272.643	119.289	2	1	1	404.478	105.087	164.166
271.944	118.574	2	1	1	354.553	105.087	164.166
271.245	117.859	2	1	1	354.575	105.087	164.166
270.546	117.144	2	1	1	361.012	105.087	164.166
269.847	116.429	2	1	1	333.632	105.087	164.166
269.148	115.713	2	1	1	291.017	105.087	164.166
268.449	114.998	2	1	1	252.810	105.087	164.166
267.750	114.283	2	1	1	222.357	105.087	164.166
267.051	113.568	2	1	1	216.190	105.087	164.166
266.352	112.853	2	1	1	217.569	105.087	164.166
265.653	112.137	2	1	1	211.258	105.087	164.166
264.954	111.422	2	1	1	226.021	105.087	164.166
264.255	110.707	2	1	1	225.815	105.087	164.166
263.556	109.992	2	1	1	233.938	105.087	164.166
262.857	109.277	2	1	1	243.883	105.087	164.166
262.159	108.561	2	1	1	238.680	105.087	164.166
261.460	107.846	2	1	1	239.706	105.087	164.166
260.761	107.131	2	1	1	224.478	105.087	164.166
260.062	106.416	2	1	1	217.776	105.087	164.166
259.363	105.701	2	1	1	220.438	105.087	164.166
258.488	105.216	2	1	1	238.010	105.087	164.166
257.565	104.830	2	1	1	244.242	105.087	164.166
256.643	104.445	2	1	1	227.937	105.087	164.166
255.720	104.059	2	1	1	237.469	105.087	164.166
254.798	103.673	2	1	1	252.980	105.087	164.166
253.875	103.287	2	1	1	248.820	105.087	164.166
252.953	102.901	2	1	1	255.000	105.087	164.166
252.030	102.516	2	1	1	274.874	105.087	164.166
251.107	102.130	2	1	1	281.576	105.087	164.166
250.185	101.744	2	1	1	296.528	105.087	164.166
249.262	101.358	2	1	1	316.366	105.087	164.166
248.340	100.972	2	1	1	335.576	105.087	164.166
247.417	100.587	2	1	1	333.607	105.087	164.166
246.495	100.201	2	1	1	320.656	105.087	164.166
245.572	99.815	2	1	1	308.977	105.087	164.166
244.649	99.429	2	1	1	326.111	105.087	164.166
243.727	99.043	2	1	1	348.145	105.087	164.166
242.804	98.658	2	1	1	373.921	105.087	164.166
241.882	98.272	2	1	1	365.258	105.087	164.166
240.959	97.886	2	1	1	340.951	105.087	164.166
240.009	97.575	2	1	1	334.042	105.087	164.166
239.055	97.275	2	1	1	326.466	105.087	164.166
238.100	96.976	2	1	1	304.485	105.087	164.166
237.146	96.677	2	1	1	318.269	105.087	164.166
236.192	96.377	2	1	1	331.185	105.087	164.166
235.238	96.078	2	1	1	356.109	105.087	164.166
234.284	95.779	2	1	1	389.423	105.087	164.166
233.330	95.479	2	1	1	399.117	105.087	164.166
232.376	95.180	2	1	1	411.379	105.087	164.166
231.421	94.881	2	1	1	398.750	105.087	164.166
230.467	94.581	2	1	1	402.375	105.087	164.166
229.513	94.282	2	1	1	378.807	105.087	164.166
228.559	93.983	2	1	1	379.569	105.087	164.166
227.605	93.683	2	1	1	375.507	105.087	164.166
226.651	93.384	2	1	1	377.118	105.087	164.166
225.697	93.085	2	1	1	422.237	105.087	164.166
224.742	92.785	2	1	1	549.063	105.087	164.166
223.779	92.518	2	1	1	707.515	105.087	164.166
222.830	92.834	2	1	1	775.257	105.087	164.166
221.881	93.151	2	1	1	738.277	105.087	164.166
220.933	93.467	2	1	1	629.320	105.087	164.166
219.984	93.783	2	1	1	492.201	105.087	164.166
219.035	94.099	2	1	1	386.791	105.087	164.166
218.087	94.416	2	1	1	319.638	105.087	164.166
217.138	94.732	2	1	1	279.555	105.087	164.166
216.189	95.048	2	1	1	237.755	105.087	164.166
215.196	94.931	2	1	1	221.253	105.087	164.166
214.258	94.583	2	1	1	210.686	105.087	164.166
213.321	94.236	2	1	1	223.734	105.087	164.166
212.383	93.889	2	1	1	221.172	105.087	164.166
211.445	93.541	2	1	1	242.145	105.087	164.166
210.507	93.194	2	1	1	240.796	105.087	164.166
209.570	92.847	2	1	1	252.920	105.087	164.166
208.632	92.499	2	1	1	264.092	105.087	164.166
207.694	92.152	2	1	1	269.122	105.087	164.166
206.743	91.842	2	1	1	285.567	105.087	164.166
205.748	91.942	2	1	1	334.580	105.087	164.166
204.753	92.041	2	1	1	403.488	105.087	164.166
203.758	92.141	2	1	1	461.719	105.087	164.166
202.763	92.240	2	1	1	492.323	105.087	164.166
201.768	92.340	2	1	1	489.591	105.087	164.166
200.773	92.439	2	1	1	452.127	105.087	164.166
199.781	92.562	2	1	1	439.358	105.087	164.166
198.793	92.720	2	1	1	405.153	105.087	164.166
197.806	92.878	2	1	1	376.013	105.087	164.166
196.818	93.037	2	1	1	350.034	105.087	164.166
195.831	93.195	2	1	1	385.090	105.087	164.166
194.844	93.353	2	1	1	464.247	105.087	164.166
193.856	93.512	2	1	1	493.073	105.087	164.166
192.869	93.670	2	1	1	510.268	105.087	164.166
191.881	93.828	2	1	1	524.841	105.087	164.166
190.894	93.986	2	1	1	510.511	105.087	164.166
189.907	94.145	2	1	1	485.200	105.087	164.166
188.912	94.247	2	1	1	416.987	105.087	164.166
187.912	94.239	2	1	1	367.400	105.087	164.166
186.912	94.230	2	1	1	328.757	105.087	164.166
185.912	94.221	2	1	1	325.320	105.087	164.166
184.912	94.213	2	1	1	340.119	105.087	164.166
183.912	94.204	2	1	1	390.562	105.087	164.166
182.912	94.196	2	1	1	414.019	105.087	164.166
181.912	94.187	2	1	1	460.130	105.087	164.166
180.912	94.179	2	1	1	483.874	105.087	164.166
179.912	94.170	2	1	1	447.773	105.087	164.166
178.912	94.167	2	1	1	409.434	105.087	164.166
177.912	94.167	2	1	1	406.595	105.087	164.166
176.912	94.167	2	1	1	427.227	105.087	164.166
175.912	94.167	2	1	1	465.294	105.087	164.166
174.912	94.167	2	1	1	467.270	105.087	164.166
173.912	94.167	2	1	1	442.798	105.087	164.166
172.912	94.167	2	1	1	412.965	105.087	164.166
171.912	94.167	2	1	1	338.768	105.087	164.166
170.912	94.167	2	1	1	288.000	105.087	164.166
169.920	94.292	2	1	1	290.180	105.087	164.166
168.943	94.503	2	1	1	349.362	105.087	164.166
167.965	94.715	2	1	1	494.353	105.087	164.166
166.988	94.926	2	1	1	613.266	105.087	164.166
166.011	95.137	2	1	1	715.949	105.087	164.166
165.033	95.349	2	1	1	726.592	105.087	164.166
164.056	95.560	2	1	1	673.966	105.087	164.166
163.078	95.771	2	1	1	533.750	105.087	164.166
162.101	95.983	2	1	1	455.962	105.087	164.166
161.123	96.194	2	1	1	450.030	105.087	164.166
160.146	96.405	2	1	1	460.926	105.087	164.166
159.169	96.617	2	1	1	450.157	105.087	164.166
158.191	96.828	2	1	1	438.548	105.087	164.166
157.298	97.279	2	1	1	379.352	105.087	164.166
156.409	97.735	2	1	1	315.150	105.087	164.166
155.519	98.191	2	1	1	296.897	105.087	164.166
154.629	98.648	2	1	1	297.646	105.087	164.166
153.739	99.104	2	1	1	302.776	105.087	164.166
152.849	99.560	2	1	1	319.882	105.087	164.166
151.960	100.016	2	1	1	326.887	105.087	164.166
151.070	100.473	2	1	1	362.624	105.087	164.166
150.180	100.929	2	1	1	384.741	105.087	164.166
149.290	101.385	2	1	1	443.344	105.087	164.166
148.400	101.842	2	1	1	489.671	105.087	164.166
147.510	102.298	2	1	1	513.840	105.087	164.166
146.621	102.754	2	1	1	486.702	105.087	164.166
145.731	103.211	2	1	1	461.277	105.087	164.166
144.857	103.696	2	1	1	445.366	105.087	164.166
144.012	104.232	2	1	1	434.031	105.087	164.166
143.167	104.767	2	1	1	461.521	105.087	164.166
142.323	105.302	2	1	1	497.690	105.087	164.166
141.478	105.838	2	1	1	530.092	105.087	164.166
140.634	106.373	2	1	1	524.371	105.087	164.166
139.789	106.908	2	1	1	486.872	105.087	164.166
138.868	107.299	2	1	1	439.563	105.087	164.166
137.877	107.427	2	1	1	414.286	105.087	164.166
136.885	107.555	2	1	1	425.461	105.087	164.166
135.893	107.683	2	1	1	439.160	105.087	164.166
134.901	107.811	2	1	1	490.554	105.087	164.166
133.910	107.939	2	1	1	476.036	105.087	164.166
132.918	108.067	2	1	1	434.966	105.087	164.166
131.926	108.195	2	1	1	439.228	105.087	164.166
131.039	108.657	2	1	1	458.493	105.087	164.166
130.289	109.318	2	1	1	467.854	105.087	164.166
129.539	109.979	2	1	1	540.144	105.087	164.166
128.788	110.640	2	1	1	585.883	105.087	164.166
128.038	111.302	2	1	1	564.810	105.087	164.166
127.288	111.963	2	1	1	506.254	105.087	164.166
126.538	112.624	2	1	1	475.809	105.087	164.166
125.788	113.286	2	1	1	458.599	105.087	164.166
125.037	113.946	2	1	1	462.479	105.087	164.166
124.280	114.599	2	1	1	481.194	105.087	164.166
123.523	115.253	2	1	1	468.820	105.087	164.166
122.766	115.906	2	1	1	428.409	105.087	164.166
122.009	116.560	2	1	1	397.783	105.087	164.166
121.253	117.214	2	1	1	408.268	105.087	164.166
120.496	117.867	2	1	1	421.424	105.087	164.166
119.739	118.521	2	1	1	432.841	105.087	164.166
118.982	119.175	2	1	1	405.265	105.087	164.166
118.225	119.828	2	1	1	337.911	105.087	164.166
