X	Y	C	Z	T	Intensity	BG	MX
135.750	111.500	2	1	1	153.593	105.471	145.267
134.850	111.937	2	1	1	155.175	105.471	145.267
133.951	112.374	2	1	1	146.521	105.471	145.267
133.051	112.811	2	1	1	152.558	105.471	145.267
132.152	113.248	2	1	1	149.558	105.471	145.267
131.252	113.685	2	1	1	159.149	105.471	145.267
130.353	114.121	2	1	1	164.231	105.471	145.267
129.453	114.558	2	1	1	156.284	105.471	145.267
128.554	114.995	2	1	1	159.991	105.471	145.267
127.654	115.432	2	1	1	160.558	105.471	145.267
126.801	115.953	2	1	1	162.858	105.471	145.267
126.100	116.667	2	1	1	165.617	105.471	145.267
125.400	117.380	2	1	1	160.318	105.471	145.267
124.699	118.094	2	1	1	170.607	105.471	145.267
123.999	118.808	2	1	1	165.047	105.471	145.267
123.298	119.521	2	1	1	163.733	105.471	145.267
122.598	120.235	2	1	1	174.163	105.471	145.267
121.897	120.949	2	1	1	177.204	105.471	145.267
121.197	121.662	2	1	1	174.918	105.471	145.267
120.497	122.376	2	1	1	178.076	105.471	145.267
119.796	123.090	2	1	1	176.188	105.471	145.267
119.096	123.804	2	1	1	173.988	105.471	145.267
118.395	124.517	2	1	1	179.542	105.471	145.267
117.695	125.231	2	1	1	187.152	105.471	145.267
116.994	125.945	2	1	1	186.992	105.471	145.267
116.294	126.658	2	1	1	184.159	105.471	145.267
115.593	127.372	2	1	1	184.164	105.471	145.267
114.893	128.086	2	1	1	181.346	105.471	145.267
114.192	128.799	2	1	1	170.434	105.471	145.267
113.548	129.564	2	1	1	170.130	105.471	145.267
113.008	130.406	2	1	1	166.013	105.471	145.267
112.468	131.248	2	1	1	162.720	105.471	145.267
111.928	132.089	2	1	1	157.921	105.471	145.267
111.388	132.931	2	1	1	161.020	105.471	145.267
110.848	133.773	2	1	1	174.937	105.471	145.267
110.308	134.614	2	1	1	168.143	105.471	145.267
109.768	135.456	2	1	1	173.273	105.471	145.267
109.228	136.298	2	1	1	173.360	105.471	145.267
108.688	137.139	2	1	1	180.578	105.471	145.267
108.148	137.981	2	1	1	180.339	105.471	145.267
107.608	138.822	2	1	1	180.015	105.471	145.267
107.068	139.664	2	1	1	185.520	105.471	145.267
106.528	140.506	2	1	1	177.538	105.471	145.267
105.988	141.347	2	1	1	176.080	105.471	145.267
105.448	142.189	2	1	1	181.767	105.471	145.267
104.908	143.031	2	1	1	166.140	105.471	145.267
104.381	143.880	2	1	1	163.876	105.471	145.267
103.893	144.753	2	1	1	163.360	105.471	145.267
103.406	145.627	2	1	1	159.270	105.471	145.267
102.918	146.500	2	1	1	161.803	105.471	145.267
102.430	147.373	2	1	1	167.359	105.471	145.267
101.943	148.246	2	1	1	160.847	105.471	145.267
101.455	149.119	2	1	1	154.662	105.471	145.267
100.968	149.992	2	1	1	151.276	105.471	145.267
100.480	150.865	2	1	1	158.925	105.471	145.267
99.993	151.738	2	1	1	146.133	105.471	145.267
99.505	152.611	2	1	1	154.766	105.471	145.267
99.017	153.484	2	1	1	154.291	105.471	145.267
98.530	154.357	2	1	1	161.141	105.471	145.267
98.042	155.230	2	1	1	163.280	105.471	145.267
97.555	156.104	2	1	1	158.936	105.471	145.267
97.087	156.987	2	1	1	155.688	105.471	145.267
96.635	157.879	2	1	1	159.976	105.471	145.267
96.183	158.771	2	1	1	158.743	105.471	145.267
95.731	159.664	2	1	1	174.647	105.471	145.267
95.279	160.556	2	1	1	170.553	105.471	145.267
94.827	161.448	2	1	1	185.158	105.471	145.267
94.376	162.340	2	1	1	178.789	105.471	145.267
93.924	163.232	2	1	1	181.683	105.471	145.267
93.472	164.124	2	1	1	181.184	105.471	145.267
93.020	165.016	2	1	1	189.106	105.471	145.267
92.568	165.908	2	1	1	174.980	105.471	145.267
92.116	166.800	2	1	1	181.799	105.471	145.267
91.664	167.692	2	1	1	176.248	105.471	145.267
91.213	168.585	2	1	1	175.966	105.471	145.267
90.792	169.492	2	1	1	167.173	105.471	145.267
90.537	170.459	2	1	1	166.974	105.471	145.267
90.282	171.426	2	1	1	173.830	105.471	145.267
90.027	172.393	2	1	1	171.298	105.471	145.267
89.772	173.360	2	1	1	167.928	105.471	145.267
89.518	174.327	2	1	1	154.545	105.471	145.267
89.263	175.294	2	1	1	153.899	105.471	145.267
89.008	176.260	2	1	1	162.108	105.471	145.267
88.753	177.227	2	1	1	162.278	105.471	145.267
88.498	178.194	2	1	1	158.833	105.471	145.267
88.243	179.161	2	1	1	157.298	105.471	145.267
87.989	180.128	2	1	1	154.754	105.471	145.267
87.734	181.095	2	1	1	158.690	105.471	145.267
87.479	182.062	2	1	1	162.446	105.471	145.267
87.224	183.029	2	1	1	159.927	105.471	145.267
86.969	183.996	2	1	1	154.546	105.471	145.267
86.715	184.963	2	1	1	157.659	105.471	145.267
86.460	185.930	2	1	1	155.624	105.471	145.267
86.205	186.897	2	1	1	153.306	105.471	145.267
85.950	187.864	2	1	1	150.012	105.471	145.267
85.695	188.831	2	1	1	145.969	105.471	145.267
85.441	189.798	2	1	1	144.686	105.471	145.267
85.186	190.765	2	1	1	148.785	105.471	145.267
84.931	191.732	2	1	1	143.355	105.471	145.267
84.676	192.699	2	1	1	155.390	105.471	145.267
84.421	193.666	2	1	1	153.142	105.471	145.267
84.372	194.665	2	1	1	146.209	105.471	145.267
84.430	195.663	2	1	1	150.227	105.471	145.267
84.488	196.662	2	1	1	147.091	105.471	145.267
84.546	197.660	2	1	1	145.584	105.471	145.267
84.603	198.658	2	1	1	146.353	105.471	145.267
84.661	199.657	2	1	1	146.252	105.471	145.267
84.719	200.655	2	1	1	146.837	105.471	145.267
84.777	201.653	2	1	1	152.861	105.471	145.267
84.835	202.652	2	1	1	155.321	105.471	145.267
84.893	203.650	2	1	1	158.881	105.471	145.267
84.951	204.648	2	1	1	160.363	105.471	145.267
85.028	205.645	2	1	1	164.104	105.471	145.267
85.220	206.627	2	1	1	158.354	105.471	145.267
85.412	207.608	2	1	1	156.641	105.471	145.267
85.604	208.589	2	1	1	156.122	105.471	145.267
85.796	209.571	2	1	1	149.956	105.471	145.267
85.988	210.552	2	1	1	151.111	105.471	145.267
86.180	211.534	2	1	1	149.447	105.471	145.267
86.373	212.515	2	1	1	151.941	105.471	145.267
86.565	213.496	2	1	1	154.460	105.471	145.267
86.757	214.478	2	1	1	152.511	105.471	145.267
86.949	215.459	2	1	1	151.914	105.471	145.267
87.141	216.441	2	1	1	156.655	105.471	145.267
87.344	217.420	2	1	1	160.476	105.471	145.267
87.563	218.395	2	1	1	168.937	105.471	145.267
87.782	219.371	2	1	1	169.568	105.471	145.267
88.001	220.347	2	1	1	166.284	105.471	145.267
88.220	221.323	2	1	1	168.573	105.471	145.267
88.439	222.298	2	1	1	164.972	105.471	145.267
88.658	223.274	2	1	1	172.585	105.471	145.267
88.877	224.250	2	1	1	161.543	105.471	145.267
89.097	225.225	2	1	1	171.525	105.471	145.267
89.316	226.201	2	1	1	167.057	105.471	145.267
89.535	227.177	2	1	1	167.742	105.471	145.267
89.754	228.153	2	1	1	167.514	105.471	145.267
89.973	229.128	2	1	1	166.626	105.471	145.267
90.283	230.079	2	1	1	164.717	105.471	145.267
90.605	231.026	2	1	1	170.127	105.471	145.267
90.928	231.972	2	1	1	164.578	105.471	145.267
91.251	232.919	2	1	1	169.372	105.471	145.267
91.573	233.865	2	1	1	174.350	105.471	145.267
91.896	234.812	2	1	1	187.908	105.471	145.267
92.219	235.758	2	1	1	184.323	105.471	145.267
92.541	236.705	2	1	1	179.094	105.471	145.267
92.864	237.651	2	1	1	172.730	105.471	145.267
93.187	238.598	2	1	1	168.284	105.471	145.267
93.509	239.544	2	1	1	164.919	105.471	145.267
93.829	240.492	2	1	1	157.397	105.471	145.267
94.141	241.442	2	1	1	172.734	105.471	145.267
94.453	242.392	2	1	1	169.855	105.471	145.267
94.766	243.342	2	1	1	167.139	105.471	145.267
95.078	244.292	2	1	1	159.096	105.471	145.267
95.390	245.242	2	1	1	161.052	105.471	145.267
95.702	246.192	2	1	1	169.789	105.471	145.267
96.014	247.142	2	1	1	166.590	105.471	145.267
96.326	248.092	2	1	1	169.271	105.471	145.267
96.638	249.042	2	1	1	161.449	105.471	145.267
96.950	249.992	2	1	1	156.416	105.471	145.267
97.262	250.942	2	1	1	155.691	105.471	145.267
97.622	251.875	2	1	1	152.726	105.471	145.267
98.128	252.738	2	1	1	149.745	105.471	145.267
98.634	253.600	2	1	1	159.453	105.471	145.267
99.140	254.463	2	1	1	149.233	105.471	145.267
99.646	255.326	2	1	1	148.693	105.471	145.267
100.152	256.188	2	1	1	150.512	105.471	145.267
100.658	257.051	2	1	1	153.670	105.471	145.267
101.163	257.913	2	1	1	155.681	105.471	145.267
101.669	258.776	2	1	1	157.139	105.471	145.267
102.175	259.638	2	1	1	148.125	105.471	145.267
102.681	260.501	2	1	1	156.756	105.471	145.267
103.187	261.364	2	1	1	149.611	105.471	145.267
103.693	262.226	2	1	1	147.040	105.471	145.267
104.230	263.070	2	1	1	147.624	105.471	145.267
104.815	263.881	2	1	1	154.132	105.471	145.267
105.400	264.692	2	1	1	151.061	105.471	145.267
105.985	265.503	2	1	1	152.152	105.471	145.267
106.570	266.314	2	1	1	158.219	105.471	145.267
107.154	267.125	2	1	1	157.602	105.471	145.267
107.739	267.937	2	1	1	153.284	105.471	145.267
108.324	268.748	2	1	1	158.609	105.471	145.267
108.909	269.559	2	1	1	159.699	105.471	145.267
109.494	270.370	2	1	1	158.652	105.471	145.267
110.078	271.181	2	1	1	159.350	105.471	145.267
110.663	271.992	2	1	1	156.803	105.471	145.267
111.248	272.804	2	1	1	155.986	105.471	145.267
111.839	273.611	2	1	1	154.171	105.471	145.267
112.463	274.392	2	1	1	162.417	105.471	145.267
113.088	275.172	2	1	1	159.551	105.471	145.267
113.713	275.953	2	1	1	155.384	105.471	145.267
114.337	276.734	2	1	1	150.695	105.471	145.267
114.962	277.515	2	1	1	151.964	105.471	145.267
115.587	278.296	2	1	1	148.981	105.471	145.267
116.211	279.077	2	1	1	150.548	105.471	145.267
116.836	279.858	2	1	1	150.414	105.471	145.267
117.461	280.638	2	1	1	147.836	105.471	145.267
118.085	281.419	2	1	1	164.798	105.471	145.267
118.710	282.200	2	1	1	163.683	105.471	145.267
119.379	282.944	2	1	1	148.262	105.471	145.267
120.051	283.684	2	1	1	149.373	105.471	145.267
120.723	284.425	2	1	1	146.221	105.471	145.267
121.395	285.166	2	1	1	149.695	105.471	145.267
122.066	285.906	2	1	1	145.806	105.471	145.267
122.738	286.647	2	1	1	148.765	105.471	145.267
123.410	287.388	2	1	1	146.014	105.471	145.267
124.082	288.129	2	1	1	149.718	105.471	145.267
124.754	288.869	2	1	1	160.705	105.471	145.267
125.425	289.610	2	1	1	154.496	105.471	145.267
126.097	290.351	2	1	1	152.938	105.471	145.267
126.769	291.091	2	1	1	158.545	105.471	145.267
127.441	291.832	2	1	1	152.370	105.471	145.267
128.113	292.573	2	1	1	153.126	105.471	145.267
128.820	293.279	2	1	1	156.082	105.471	145.267
129.574	293.937	2	1	1	164.018	105.471	145.267
130.327	294.594	2	1	1	163.980	105.471	145.267
131.081	295.252	2	1	1	161.133	105.471	145.267
131.835	295.909	2	1	1	174.144	105.471	145.267
132.588	296.566	2	1	1	177.171	105.471	145.267
133.342	297.224	2	1	1	179.346	105.471	145.267
134.095	297.881	2	1	1	190.498	105.471	145.267
134.849	298.538	2	1	1	174.920	105.471	145.267
135.602	299.196	2	1	1	184.153	105.471	145.267
136.356	299.853	2	1	1	178.651	105.471	145.267
137.110	300.511	2	1	1	179.777	105.471	145.267
137.863	301.168	2	1	1	176.633	105.471	145.267
138.617	301.825	2	1	1	164.698	105.471	145.267
139.370	302.483	2	1	1	156.996	105.471	145.267
140.124	303.140	2	1	1	155.830	105.471	145.267
140.954	303.698	2	1	1	151.739	105.471	145.267
141.797	304.235	2	1	1	163.922	105.471	145.267
142.641	304.772	2	1	1	160.685	105.471	145.267
143.485	305.309	2	1	1	158.012	105.471	145.267
144.328	305.845	2	1	1	154.113	105.471	145.267
145.172	306.382	2	1	1	158.918	105.471	145.267
146.016	306.919	2	1	1	165.258	105.471	145.267
146.859	307.456	2	1	1	177.657	105.471	145.267
147.703	307.993	2	1	1	172.079	105.471	145.267
148.547	308.530	2	1	1	174.329	105.471	145.267
149.390	309.067	2	1	1	182.672	105.471	145.267
150.234	309.604	2	1	1	189.396	105.471	145.267
151.078	310.140	2	1	1	184.069	105.471	145.267
152.029	310.448	2	1	1	178.270	105.471	145.267
152.999	310.694	2	1	1	178.509	105.471	145.267
153.968	310.940	2	1	1	182.823	105.471	145.267
154.937	311.186	2	1	1	196.523	105.471	145.267
155.906	311.431	2	1	1	203.659	105.471	145.267
156.876	311.677	2	1	1	212.740	105.471	145.267
157.845	311.923	2	1	1	219.000	105.471	145.267
158.814	312.169	2	1	1	210.551	105.471	145.267
159.784	312.415	2	1	1	197.926	105.471	145.267
160.753	312.661	2	1	1	184.004	105.471	145.267
161.722	312.907	2	1	1	182.949	105.471	145.267
162.691	313.153	2	1	1	169.235	105.471	145.267
163.661	313.399	2	1	1	169.052	105.471	145.267
164.630	313.645	2	1	1	168.778	105.471	145.267
165.599	313.891	2	1	1	167.977	105.471	145.267
166.569	314.137	2	1	1	163.974	105.471	145.267
167.538	314.383	2	1	1	164.867	105.471	145.267
168.516	314.589	2	1	1	166.354	105.471	145.267
169.502	314.760	2	1	1	168.724	105.471	145.267
170.487	314.930	2	1	1	161.831	105.471	145.267
171.472	315.101	2	1	1	159.807	105.471	145.267
172.458	315.272	2	1	1	168.884	105.471	145.267
173.443	315.442	2	1	1	176.964	105.471	145.267
174.428	315.613	2	1	1	175.541	105.471	145.267
175.414	315.783	2	1	1	176.441	105.471	145.267
176.399	315.954	2	1	1	176.780	105.471	145.267
177.384	316.124	2	1	1	182.125	105.471	145.267
178.370	316.295	2	1	1	188.072	105.471	145.267
179.355	316.465	2	1	1	176.546	105.471	145.267
180.341	316.636	2	1	1	175.322	105.471	145.267
181.325	316.809	2	1	1	177.217	105.471	145.267
182.309	316.988	2	1	1	172.414	105.471	145.267
183.293	317.167	2	1	1	163.427	105.471	145.267
184.277	317.346	2	1	1	163.477	105.471	145.267
185.261	317.525	2	1	1	162.699	105.471	145.267
186.245	317.704	2	1	1	166.150	105.471	145.267
187.229	317.882	2	1	1	158.880	105.471	145.267
188.212	318.061	2	1	1	163.183	105.471	145.267
189.196	318.240	2	1	1	164.540	105.471	145.267
190.180	318.419	2	1	1	160.997	105.471	145.267
191.164	318.598	2	1	1	162.536	105.471	145.267
192.148	318.777	2	1	1	158.786	105.471	145.267
193.132	318.956	2	1	1	165.108	105.471	145.267
194.116	319.135	2	1	1	159.401	105.471	145.267
195.106	319.275	2	1	1	159.024	105.471	145.267
196.103	319.345	2	1	1	163.601	105.471	145.267
197.101	319.415	2	1	1	168.386	105.471	145.267
198.098	319.485	2	1	1	178.183	105.471	145.267
199.096	319.555	2	1	1	172.773	105.471	145.267
200.094	319.625	2	1	1	177.929	105.471	145.267
201.091	319.695	2	1	1	166.184	105.471	145.267
202.089	319.765	2	1	1	168.959	105.471	145.267
203.086	319.835	2	1	1	164.936	105.471	145.267
204.084	319.905	2	1	1	162.944	105.471	145.267
205.081	319.975	2	1	1	162.668	105.471	145.267
206.079	320.045	2	1	1	158.802	105.471	145.267
207.076	320.115	2	1	1	163.164	105.471	145.267
208.074	320.185	2	1	1	158.302	105.471	145.267
209.073	320.233	2	1	1	153.705	105.471	145.267
210.046	320.003	2	1	1	152.478	105.471	145.267
211.019	319.773	2	1	1	154.067	105.471	145.267
211.992	319.543	2	1	1	157.474	105.471	145.267
212.965	319.312	2	1	1	153.729	105.471	145.267
213.939	319.082	2	1	1	158.702	105.471	145.267
214.912	318.852	2	1	1	161.459	105.471	145.267
215.885	318.622	2	1	1	159.458	105.471	145.267
216.858	318.392	2	1	1	159.588	105.471	145.267
217.831	318.162	2	1	1	160.776	105.471	145.267
218.804	317.932	2	1	1	162.368	105.471	145.267
219.778	317.702	2	1	1	162.487	105.471	145.267
220.751	317.472	2	1	1	187.656	105.471	145.267
221.724	317.242	2	1	1	189.864	105.471	145.267
222.697	317.012	2	1	1	196.490	105.471	145.267
223.670	316.781	2	1	1	197.711	105.471	145.267
224.643	316.551	2	1	1	194.494	105.471	145.267
225.617	316.321	2	1	1	195.412	105.471	145.267
226.590	316.091	2	1	1	183.918	105.471	145.267
227.563	315.861	2	1	1	182.589	105.471	145.267
228.536	315.631	2	1	1	187.127	105.471	145.267
229.509	315.401	2	1	1	186.309	105.471	145.267
230.483	315.171	2	1	1	189.453	105.471	145.267
231.430	314.850	2	1	1	195.202	105.471	145.267
232.376	314.528	2	1	1	193.160	105.471	145.267
233.323	314.206	2	1	1	195.791	105.471	145.267
234.270	313.883	2	1	1	185.723	105.471	145.267
235.216	313.561	2	1	1	183.297	105.471	145.267
236.163	313.239	2	1	1	182.864	105.471	145.267
237.110	312.917	2	1	1	172.831	105.471	145.267
238.056	312.594	2	1	1	169.895	105.471	145.267
239.003	312.272	2	1	1	169.765	105.471	145.267
239.950	311.950	2	1	1	159.216	105.471	145.267
240.896	311.628	2	1	1	168.901	105.471	145.267
241.843	311.305	2	1	1	171.771	105.471	145.267
242.790	310.983	2	1	1	170.075	105.471	145.267
243.736	310.661	2	1	1	168.368	105.471	145.267
244.683	310.338	2	1	1	159.366	105.471	145.267
245.629	310.016	2	1	1	159.347	105.471	145.267
246.565	309.663	2	1	1	158.409	105.471	145.267
247.484	309.269	2	1	1	163.521	105.471	145.267
248.403	308.875	2	1	1	156.284	105.471	145.267
249.322	308.481	2	1	1	148.075	105.471	145.267
250.241	308.087	2	1	1	147.657	105.471	145.267
251.161	307.693	2	1	1	157.139	105.471	145.267
252.080	307.299	2	1	1	151.244	105.471	145.267
252.999	306.905	2	1	1	149.955	105.471	145.267
253.918	306.511	2	1	1	151.219	105.471	145.267
254.837	306.117	2	1	1	145.488	105.471	145.267
255.740	305.687	2	1	1	146.433	105.471	145.267
256.594	305.167	2	1	1	144.601	105.471	145.267
257.448	304.646	2	1	1	150.186	105.471	145.267
258.302	304.126	2	1	1	160.708	105.471	145.267
259.155	303.605	2	1	1	160.410	105.471	145.267
260.009	303.085	2	1	1	149.929	105.471	145.267
260.863	302.564	2	1	1	157.473	105.471	145.267
261.717	302.044	2	1	1	164.969	105.471	145.267
262.571	301.523	2	1	1	164.788	105.471	145.267
263.425	301.003	2	1	1	173.264	105.471	145.267
264.280	300.484	2	1	1	179.332	105.471	145.267
265.157	300.004	2	1	1	180.782	105.471	145.267
266.034	299.524	2	1	1	197.295	105.471	145.267
266.912	299.045	2	1	1	200.471	105.471	145.267
267.789	298.565	2	1	1	195.998	105.471	145.267
268.667	298.085	2	1	1	209.179	105.471	145.267
269.544	297.605	2	1	1	206.860	105.471	145.267
270.421	297.126	2	1	1	206.917	105.471	145.267
271.299	296.646	2	1	1	211.781	105.471	145.267
272.176	296.166	2	1	1	195.275	105.471	145.267
273.054	295.686	2	1	1	180.626	105.471	145.267
273.931	295.207	2	1	1	183.691	105.471	145.267
274.809	294.727	2	1	1	170.453	105.471	145.267
275.686	294.247	2	1	1	165.393	105.471	145.267
276.473	293.630	2	1	1	162.978	105.471	145.267
277.238	292.987	2	1	1	162.479	105.471	145.267
278.004	292.343	2	1	1	168.584	105.471	145.267
278.770	291.700	2	1	1	165.856	105.471	145.267
279.535	291.057	2	1	1	171.816	105.471	145.267
280.301	290.414	2	1	1	175.941	105.471	145.267
281.067	289.771	2	1	1	169.935	105.471	145.267
281.832	289.127	2	1	1	159.824	105.471	145.267
282.598	288.484	2	1	1	161.305	105.471	145.267
283.364	287.841	2	1	1	164.570	105.471	145.267
284.130	287.198	2	1	1	168.468	105.471	145.267
284.825	286.479	2	1	1	167.655	105.471	145.267
285.517	285.758	2	1	1	162.527	105.471	145.267
286.209	285.036	2	1	1	160.120	105.471	145.267
286.901	284.314	2	1	1	164.616	105.471	145.267
287.593	283.592	2	1	1	165.017	105.471	145.267
288.285	282.870	2	1	1	169.368	105.471	145.267
288.977	282.148	2	1	1	162.782	105.471	145.267
289.669	281.426	2	1	1	164.628	105.471	145.267
290.360	280.704	2	1	1	165.711	105.471	145.267
291.052	279.982	2	1	1	176.253	105.471	145.267
291.744	279.260	2	1	1	171.963	105.471	145.267
292.400	278.505	2	1	1	172.759	105.471	145.267
293.051	277.746	2	1	1	181.343	105.471	145.267
293.702	276.987	2	1	1	189.839	105.471	145.267
294.353	276.227	2	1	1	192.671	105.471	145.267
295.004	275.468	2	1	1	187.364	105.471	145.267
295.654	274.709	2	1	1	185.324	105.471	145.267
296.305	273.949	2	1	1	193.823	105.471	145.267
296.956	273.190	2	1	1	196.318	105.471	145.267
297.607	272.431	2	1	1	201.416	105.471	145.267
298.258	271.672	2	1	1	200.365	105.471	145.267
298.908	270.912	2	1	1	217.782	105.471	145.267
299.559	270.153	2	1	1	217.465	105.471	145.267
300.087	269.304	2	1	1	208.971	105.471	145.267
300.518	268.401	2	1	1	202.202	105.471	145.267
300.949	267.499	2	1	1	182.262	105.471	145.267
301.380	266.597	2	1	1	176.872	105.471	145.267
301.811	265.695	2	1	1	185.154	105.471	145.267
302.243	264.792	2	1	1	169.181	105.471	145.267
302.674	263.890	2	1	1	170.385	105.471	145.267
303.105	262.988	2	1	1	163.161	105.471	145.267
303.536	262.086	2	1	1	153.924	105.471	145.267
303.968	261.183	2	1	1	161.390	105.471	145.267
304.399	260.281	2	1	1	154.265	105.471	145.267
304.830	259.379	2	1	1	148.159	105.471	145.267
305.261	258.477	2	1	1	151.986	105.471	145.267
305.704	257.580	2	1	1	151.135	105.471	145.267
306.147	256.684	2	1	1	150.204	105.471	145.267
306.590	255.787	2	1	1	150.768	105.471	145.267
307.033	254.890	2	1	1	149.594	105.471	145.267
307.476	253.994	2	1	1	159.344	105.471	145.267
307.918	253.097	2	1	1	160.870	105.471	145.267
308.361	252.201	2	1	1	155.661	105.471	145.267
308.804	251.304	2	1	1	164.468	105.471	145.267
309.247	250.407	2	1	1	167.087	105.471	145.267
309.690	249.511	2	1	1	171.418	105.471	145.267
310.133	248.614	2	1	1	188.166	105.471	145.267
310.576	247.717	2	1	1	193.267	105.471	145.267
311.018	246.821	2	1	1	199.868	105.471	145.267
311.461	245.924	2	1	1	206.352	105.471	145.267
311.904	245.028	2	1	1	215.837	105.471	145.267
312.331	244.123	2	1	1	205.266	105.471	145.267
312.754	243.217	2	1	1	197.456	105.471	145.267
313.176	242.311	2	1	1	195.166	105.471	145.267
313.599	241.404	2	1	1	203.180	105.471	145.267
314.021	240.498	2	1	1	212.011	105.471	145.267
314.444	239.592	2	1	1	197.243	105.471	145.267
314.866	238.685	2	1	1	179.394	105.471	145.267
315.289	237.779	2	1	1	168.373	105.471	145.267
315.711	236.873	2	1	1	162.632	105.471	145.267
316.134	235.966	2	1	1	164.603	105.471	145.267
316.556	235.060	2	1	1	156.040	105.471	145.267
316.979	234.154	2	1	1	160.816	105.471	145.267
317.402	233.247	2	1	1	160.470	105.471	145.267
317.758	232.313	2	1	1	160.852	105.471	145.267
317.799	231.314	2	1	1	156.844	105.471	145.267
317.841	230.315	2	1	1	174.282	105.471	145.267
317.883	229.316	2	1	1	171.809	105.471	145.267
317.924	228.316	2	1	1	176.021	105.471	145.267
317.966	227.317	2	1	1	188.612	105.471	145.267
318.008	226.318	2	1	1	192.971	105.471	145.267
318.049	225.319	2	1	1	178.239	105.471	145.267
318.091	224.320	2	1	1	169.974	105.471	145.267
318.132	223.321	2	1	1	160.223	105.471	145.267
318.174	222.322	2	1	1	156.112	105.471	145.267
318.216	221.322	2	1	1	156.515	105.471	145.267
318.257	220.323	2	1	1	148.017	105.471	145.267
318.299	219.324	2	1	1	143.315	105.471	145.267
318.341	218.325	2	1	1	145.682	105.471	145.267
318.382	217.326	2	1	1	151.796	105.471	145.267
318.424	216.327	2	1	1	156.923	105.471	145.267
318.466	215.328	2	1	1	155.847	105.471	145.267
318.505	214.328	2	1	1	164.145	105.471	145.267
318.536	213.329	2	1	1	168.775	105.471	145.267
318.567	212.329	2	1	1	167.171	105.471	145.267
318.598	211.330	2	1	1	168.766	105.471	145.267
318.628	210.330	2	1	1	171.358	105.471	145.267
318.659	209.331	2	1	1	181.723	105.471	145.267
318.690	208.331	2	1	1	184.928	105.471	145.267
318.721	207.332	2	1	1	184.552	105.471	145.267
318.751	206.332	2	1	1	180.669	105.471	145.267
318.782	205.333	2	1	1	177.231	105.471	145.267
318.813	204.333	2	1	1	172.985	105.471	145.267
318.844	203.334	2	1	1	183.670	105.471	145.267
318.874	202.334	2	1	1	183.223	105.471	145.267
318.905	201.335	2	1	1	180.202	105.471	145.267
318.936	200.335	2	1	1	170.635	105.471	145.267
318.967	199.336	2	1	1	169.847	105.471	145.267
318.997	198.336	2	1	1	156.758	105.471	145.267
318.778	197.360	2	1	1	152.343	105.471	145.267
318.535	196.390	2	1	1	157.425	105.471	145.267
318.293	195.420	2	1	1	160.404	105.471	145.267
318.050	194.450	2	1	1	159.120	105.471	145.267
317.807	193.480	2	1	1	155.987	105.471	145.267
317.565	192.510	2	1	1	158.626	105.471	145.267
317.322	191.540	2	1	1	157.036	105.471	145.267
317.080	190.569	2	1	1	165.320	105.471	145.267
316.837	189.599	2	1	1	171.772	105.471	145.267
316.595	188.629	2	1	1	185.400	105.471	145.267
316.352	187.659	2	1	1	187.023	105.471	145.267
316.110	186.689	2	1	1	185.848	105.471	145.267
315.867	185.719	2	1	1	168.448	105.471	145.267
315.625	184.749	2	1	1	152.173	105.471	145.267
315.382	183.778	2	1	1	153.393	105.471	145.267
315.048	182.836	2	1	1	153.356	105.471	145.267
314.610	181.937	2	1	1	150.484	105.471	145.267
314.171	181.038	2	1	1	146.974	105.471	145.267
313.733	180.140	2	1	1	138.315	105.471	145.267
313.294	179.241	2	1	1	148.559	105.471	145.267
312.856	178.342	2	1	1	143.617	105.471	145.267
312.417	177.443	2	1	1	147.121	105.471	145.267
311.979	176.545	2	1	1	153.917	105.471	145.267
311.541	175.646	2	1	1	153.760	105.471	145.267
311.102	174.747	2	1	1	155.170	105.471	145.267
310.664	173.848	2	1	1	159.612	105.471	145.267
310.231	172.947	2	1	1	153.625	105.471	145.267
309.893	172.006	2	1	1	153.523	105.471	145.267
309.555	171.064	2	1	1	166.891	105.471	145.267
309.217	170.123	2	1	1	153.817	105.471	145.267
308.879	169.182	2	1	1	157.895	105.471	145.267
308.542	168.241	2	1	1	165.031	105.471	145.267
308.204	167.300	2	1	1	162.099	105.471	145.267
307.866	166.358	2	1	1	167.916	105.471	145.267
307.528	165.417	2	1	1	161.870	105.471	145.267
307.190	164.476	2	1	1	162.031	105.471	145.267
306.852	163.535	2	1	1	157.060	105.471	145.267
306.514	162.594	2	1	1	155.089	105.471	145.267
306.177	161.652	2	1	1	148.148	105.471	145.267
305.839	160.711	2	1	1	158.466	105.471	145.267
305.501	159.770	2	1	1	160.192	105.471	145.267
305.163	158.829	2	1	1	167.397	105.471	145.267
304.825	157.888	2	1	1	157.568	105.471	145.267
304.487	156.947	2	1	1	165.663	105.471	145.267
304.149	156.005	2	1	1	161.040	105.471	145.267
303.811	155.064	2	1	1	161.674	105.471	145.267
303.474	154.123	2	1	1	165.563	105.471	145.267
303.112	153.191	2	1	1	174.285	105.471	145.267
302.705	152.277	2	1	1	166.483	105.471	145.267
302.297	151.364	2	1	1	173.109	105.471	145.267
301.890	150.451	2	1	1	173.173	105.471	145.267
301.482	149.538	2	1	1	177.973	105.471	145.267
301.075	148.624	2	1	1	169.675	105.471	145.267
300.667	147.711	2	1	1	162.777	105.471	145.267
300.260	146.798	2	1	1	161.920	105.471	145.267
299.852	145.885	2	1	1	157.012	105.471	145.267
299.445	144.972	2	1	1	164.485	105.471	145.267
299.038	144.058	2	1	1	160.098	105.471	145.267
298.630	143.145	2	1	1	154.357	105.471	145.267
298.223	142.232	2	1	1	148.158	105.471	145.267
297.815	141.319	2	1	1	152.449	105.471	145.267
297.408	140.405	2	1	1	159.886	105.471	145.267
297.000	139.492	2	1	1	168.538	105.471	145.267
296.593	138.579	2	1	1	161.608	105.471	145.267
296.185	137.666	2	1	1	167.704	105.471	145.267
295.669	136.809	2	1	1	164.245	105.471	145.267
295.069	136.009	2	1	1	154.718	105.471	145.267
294.469	135.209	2	1	1	157.544	105.471	145.267
293.869	134.409	2	1	1	159.509	105.471	145.267
293.269	133.609	2	1	1	157.115	105.471	145.267
292.669	132.809	2	1	1	162.842	105.471	145.267
292.069	132.009	2	1	1	156.964	105.471	145.267
291.469	131.209	2	1	1	163.176	105.471	145.267
290.869	130.409	2	1	1	163.033	105.471	145.267
290.269	129.609	2	1	1	175.697	105.471	145.267
289.669	128.809	2	1	1	172.791	105.471	145.267
289.069	128.009	2	1	1	173.418	105.471	145.267
288.469	127.209	2	1	1	179.413	105.471	145.267
287.869	126.409	2	1	1	183.075	105.471	145.267
287.269	125.609	2	1	1	192.006	105.471	145.267
286.669	124.809	2	1	1	195.198	105.471	145.267
286.069	124.009	2	1	1	185.920	105.471	145.267
285.469	123.209	2	1	1	182.451	105.471	145.267
284.869	122.409	2	1	1	183.789	105.471	145.267
284.098	121.773	2	1	1	180.019	105.471	145.267
283.291	121.182	2	1	1	186.908	105.471	145.267
282.485	120.591	2	1	1	195.288	105.471	145.267
281.678	120.000	2	1	1	188.578	105.471	145.267
280.871	119.409	2	1	1	187.893	105.471	145.267
280.064	118.818	2	1	1	194.407	105.471	145.267
279.258	118.227	2	1	1	191.124	105.471	145.267
278.451	117.636	2	1	1	177.247	105.471	145.267
277.644	117.046	2	1	1	174.166	105.471	145.267
276.837	116.455	2	1	1	164.493	105.471	145.267
276.030	115.864	2	1	1	167.886	105.471	145.267
275.224	115.273	2	1	1	161.839	105.471	145.267
274.417	114.682	2	1	1	160.926	105.471	145.267
273.610	114.091	2	1	1	155.699	105.471	145.267
272.803	113.500	2	1	1	157.814	105.471	145.267
271.997	112.910	2	1	1	155.388	105.471	145.267
271.190	112.319	2	1	1	155.298	105.471	145.267
270.383	111.728	2	1	1	163.524	105.471	145.267
269.576	111.137	2	1	1	156.348	105.471	145.267
268.770	110.546	2	1	1	155.458	105.471	145.267
267.963	109.955	2	1	1	159.348	105.471	145.267
267.156	109.364	2	1	1	159.238	105.471	145.267
266.304	108.841	2	1	1	157.157	105.471	145.267
265.442	108.334	2	1	1	163.685	105.471	145.267
264.580	107.827	2	1	1	161.162	105.471	145.267
263.718	107.320	2	1	1	166.562	105.471	145.267
262.856	106.813	2	1	1	161.521	105.471	145.267
261.994	106.306	2	1	1	165.492	105.471	145.267
261.133	105.799	2	1	1	162.632	105.471	145.267
260.271	105.292	2	1	1	147.706	105.471	145.267
259.409	104.784	2	1	1	152.250	105.471	145.267
258.547	104.277	2	1	1	149.436	105.471	145.267
257.625	103.890	2	1	1	153.499	105.471	145.267
256.700	103.509	2	1	1	152.645	105.471	145.267
255.776	103.128	2	1	1	147.152	105.471	145.267
254.851	102.747	2	1	1	143.165	105.471	145.267
253.926	102.367	2	1	1	140.494	105.471	145.267
253.002	101.986	2	1	1	137.671	105.471	145.267
252.077	101.605	2	1	1	143.369	105.471	145.267
251.152	101.224	2	1	1	144.633	105.471	145.267
250.228	100.844	2	1	1	152.923	105.471	145.267
249.331	100.400	2	1	1	150.303	105.471	145.267
248.446	99.936	2	1	1	148.815	105.471	145.267
247.560	99.472	2	1	1	157.045	105.471	145.267
246.674	99.008	2	1	1	163.582	105.471	145.267
245.788	98.544	2	1	1	162.021	105.471	145.267
244.902	98.080	2	1	1	160.613	105.471	145.267
243.908	97.973	2	1	1	180.879	105.471	145.267
242.909	97.941	2	1	1	181.513	105.471	145.267
241.909	97.908	2	1	1	170.929	105.471	145.267
240.910	97.876	2	1	1	173.342	105.471	145.267
239.910	97.844	2	1	1	178.663	105.471	145.267
238.911	97.812	2	1	1	190.526	105.471	145.267
237.911	97.779	2	1	1	187.251	105.471	145.267
236.916	97.685	2	1	1	194.821	105.471	145.267
236.123	97.075	2	1	1	196.394	105.471	145.267
235.330	96.466	2	1	1	189.986	105.471	145.267
234.538	95.856	2	1	1	171.881	105.471	145.267
233.745	95.246	2	1	1	174.633	105.471	145.267
232.952	94.637	2	1	1	167.766	105.471	145.267
232.160	94.027	2	1	1	155.960	105.471	145.267
231.367	93.417	2	1	1	150.033	105.471	145.267
230.575	92.807	2	1	1	155.698	105.471	145.267
229.701	92.320	2	1	1	148.060	105.471	145.267
228.821	91.846	2	1	1	156.090	105.471	145.267
227.940	91.372	2	1	1	158.179	105.471	145.267
227.060	90.898	2	1	1	164.639	105.471	145.267
226.180	90.424	2	1	1	159.671	105.471	145.267
225.299	89.949	2	1	1	159.802	105.471	145.267
224.419	89.475	2	1	1	148.991	105.471	145.267
223.440	89.270	2	1	1	152.764	105.471	145.267
222.440	89.307	2	1	1	147.017	105.471	145.267
221.441	89.344	2	1	1	147.667	105.471	145.267
220.442	89.380	2	1	1	150.790	105.471	145.267
219.442	89.417	2	1	1	150.730	105.471	145.267
218.443	89.453	2	1	1	148.864	105.471	145.267
217.444	89.490	2	1	1	153.041	105.471	145.267
216.483	89.769	2	1	1	160.478	105.471	145.267
215.553	90.135	2	1	1	165.133	105.471	145.267
214.622	90.501	2	1	1	174.783	105.471	145.267
213.692	90.867	2	1	1	172.103	105.471	145.267
212.761	91.233	2	1	1	174.965	105.471	145.267
211.831	91.599	2	1	1	179.460	105.471	145.267
210.900	91.966	2	1	1	184.630	105.471	145.267
209.970	92.332	2	1	1	181.165	105.471	145.267
209.039	92.698	2	1	1	186.069	105.471	145.267
208.108	93.064	2	1	1	193.629	105.471	145.267
207.178	93.430	2	1	1	189.599	105.471	145.267
206.185	93.553	2	1	1	199.615	105.471	145.267
205.188	93.618	2	1	1	193.656	105.471	145.267
204.190	93.683	2	1	1	196.862	105.471	145.267
203.192	93.748	2	1	1	196.004	105.471	145.267
202.194	93.813	2	1	1	192.811	105.471	145.267
201.196	93.879	2	1	1	197.670	105.471	145.267
200.198	93.944	2	1	1	190.587	105.471	145.267
199.199	93.992	2	1	1	180.747	105.471	145.267
198.201	93.935	2	1	1	166.899	105.471	145.267
197.203	93.877	2	1	1	172.866	105.471	145.267
196.204	93.819	2	1	1	169.894	105.471	145.267
195.206	93.762	2	1	1	172.038	105.471	145.267
194.208	93.704	2	1	1	171.273	105.471	145.267
193.209	93.647	2	1	1	164.819	105.471	145.267
192.211	93.589	2	1	1	165.158	105.471	145.267
191.213	93.532	2	1	1	165.437	105.471	145.267
190.216	93.608	2	1	1	169.698	105.471	145.267
189.243	93.840	2	1	1	164.734	105.471	145.267
188.270	94.073	2	1	1	171.752	105.471	145.267
187.298	94.306	2	1	1	171.317	105.471	145.267
186.325	94.538	2	1	1	178.508	105.471	145.267
185.353	94.771	2	1	1	190.761	105.471	145.267
184.380	95.003	2	1	1	195.405	105.471	145.267
183.408	95.236	2	1	1	188.988	105.471	145.267
182.425	95.421	2	1	1	187.861	105.471	145.267
181.436	95.570	2	1	1	186.872	105.471	145.267
180.447	95.720	2	1	1	193.480	105.471	145.267
179.459	95.870	2	1	1	201.365	105.471	145.267
178.470	96.020	2	1	1	193.055	105.471	145.267
177.481	96.167	2	1	1	176.314	105.471	145.267
176.481	96.167	2	1	1	180.392	105.471	145.267
175.481	96.167	2	1	1	172.259	105.471	145.267
174.481	96.167	2	1	1	162.776	105.471	145.267
173.481	96.167	2	1	1	156.912	105.471	145.267
172.481	96.167	2	1	1	152.874	105.471	145.267
171.481	96.167	2	1	1	149.451	105.471	145.267
170.481	96.167	2	1	1	147.595	105.471	145.267
169.481	96.167	2	1	1	144.822	105.471	145.267
168.505	96.387	2	1	1	149.636	105.471	145.267
167.557	96.703	2	1	1	154.513	105.471	145.267
166.608	97.020	2	1	1	158.403	105.471	145.267
165.659	97.336	2	1	1	158.845	105.471	145.267
164.711	97.652	2	1	1	155.493	105.471	145.267
163.762	97.968	2	1	1	156.550	105.471	145.267
162.813	98.284	2	1	1	150.534	105.471	145.267
161.865	98.601	2	1	1	158.125	105.471	145.267
160.916	98.917	2	1	1	155.143	105.471	145.267
159.995	99.307	2	1	1	158.129	105.471	145.267
159.221	99.940	2	1	1	162.718	105.471	145.267
158.447	100.574	2	1	1	160.026	105.471	145.267
157.673	101.207	2	1	1	173.329	105.471	145.267
156.899	101.840	2	1	1	165.128	105.471	145.267
156.125	102.473	2	1	1	164.729	105.471	145.267
155.351	103.106	2	1	1	163.671	105.471	145.267
154.577	103.740	2	1	1	172.593	105.471	145.267
153.803	104.373	2	1	1	173.193	105.471	145.267
153.029	105.006	2	1	1	178.549	105.471	145.267
152.168	105.514	2	1	1	187.206	105.471	145.267
151.282	105.978	2	1	1	184.594	105.471	145.267
150.396	106.441	2	1	1	176.613	105.471	145.267
149.510	106.904	2	1	1	176.768	105.471	145.267
148.623	107.367	2	1	1	179.359	105.471	145.267
147.737	107.831	2	1	1	184.034	105.471	145.267
146.851	108.294	2	1	1	169.170	105.471	145.267
145.965	108.757	2	1	1	172.731	105.471	145.267
