X	Y	C	Z	T	Intensity	BG	MX
91.167	104.500	1	1	1	1393.714	136.542	397.315
90.719	105.394	1	1	1	1456.826	136.542	397.315
90.272	106.289	1	1	1	1426.607	136.542	397.315
89.825	107.183	1	1	1	1388.901	136.542	397.315
89.378	108.078	1	1	1	1382.689	136.542	397.315
88.954	108.983	1	1	1	1384.573	136.542	397.315
88.658	109.939	1	1	1	1346.794	136.542	397.315
88.362	110.894	1	1	1	1358.692	136.542	397.315
88.067	111.849	1	1	1	1419.844	136.542	397.315
87.771	112.804	1	1	1	1372.176	136.542	397.315
87.475	113.760	1	1	1	1302.886	136.542	397.315
87.179	114.715	1	1	1	1284.939	136.542	397.315
86.884	115.670	1	1	1	1253.047	136.542	397.315
86.407	116.549	1	1	1	1207.828	136.542	397.315
85.895	117.408	1	1	1	1284.040	136.542	397.315
85.383	118.267	1	1	1	1282.643	136.542	397.315
84.871	119.127	1	1	1	1339.335	136.542	397.315
84.360	119.986	1	1	1	1401.643	136.542	397.315
83.848	120.845	1	1	1	1448.985	136.542	397.315
83.336	121.704	1	1	1	1410.955	136.542	397.315
82.824	122.563	1	1	1	1463.624	136.542	397.315
82.312	123.422	1	1	1	1573.572	136.542	397.315
81.887	124.327	1	1	1	1596.322	136.542	397.315
81.498	125.248	1	1	1	1617.410	136.542	397.315
81.109	126.169	1	1	1	1595.570	136.542	397.315
80.719	127.091	1	1	1	1528.666	136.542	397.315
80.330	128.012	1	1	1	1490.782	136.542	397.315
79.941	128.933	1	1	1	1411.604	136.542	397.315
79.551	129.854	1	1	1	1287.926	136.542	397.315
79.162	130.775	1	1	1	1222.229	136.542	397.315
78.773	131.696	1	1	1	1179.614	136.542	397.315
78.396	132.622	1	1	1	1161.293	136.542	397.315
78.019	133.549	1	1	1	1158.668	136.542	397.315
77.643	134.475	1	1	1	1168.473	136.542	397.315
77.267	135.402	1	1	1	1241.148	136.542	397.315
76.890	136.328	1	1	1	1289.594	136.542	397.315
76.514	137.255	1	1	1	1331.119	136.542	397.315
76.137	138.181	1	1	1	1282.539	136.542	397.315
75.761	139.107	1	1	1	1262.098	136.542	397.315
75.352	140.020	1	1	1	1200.698	136.542	397.315
74.871	140.897	1	1	1	1177.263	136.542	397.315
74.390	141.774	1	1	1	1130.034	136.542	397.315
73.909	142.650	1	1	1	1090.661	136.542	397.315
73.429	143.527	1	1	1	1074.256	136.542	397.315
72.948	144.404	1	1	1	1050.876	136.542	397.315
72.467	145.281	1	1	1	1101.193	136.542	397.315
71.986	146.158	1	1	1	1097.818	136.542	397.315
71.505	147.034	1	1	1	1166.053	136.542	397.315
71.107	147.952	1	1	1	1161.711	136.542	397.315
70.805	148.905	1	1	1	1171.178	136.542	397.315
70.502	149.858	1	1	1	1175.601	136.542	397.315
70.200	150.811	1	1	1	1144.030	136.542	397.315
69.898	151.765	1	1	1	1115.717	136.542	397.315
69.596	152.718	1	1	1	1161.559	136.542	397.315
69.293	153.671	1	1	1	1143.921	136.542	397.315
68.991	154.624	1	1	1	1189.141	136.542	397.315
68.689	155.577	1	1	1	1236.336	136.542	397.315
68.387	156.531	1	1	1	1245.730	136.542	397.315
68.084	157.484	1	1	1	1260.040	136.542	397.315
67.829	158.451	1	1	1	1211.799	136.542	397.315
67.592	159.422	1	1	1	1214.281	136.542	397.315
67.354	160.394	1	1	1	1207.323	136.542	397.315
67.117	161.365	1	1	1	1279.484	136.542	397.315
66.880	162.336	1	1	1	1310.142	136.542	397.315
66.642	163.308	1	1	1	1289.798	136.542	397.315
66.405	164.279	1	1	1	1337.053	136.542	397.315
66.168	165.251	1	1	1	1395.875	136.542	397.315
65.930	166.222	1	1	1	1432.934	136.542	397.315
65.693	167.194	1	1	1	1462.852	136.542	397.315
65.456	168.165	1	1	1	1495.424	136.542	397.315
65.328	169.157	1	1	1	1436.045	136.542	397.315
65.317	170.157	1	1	1	1363.757	136.542	397.315
65.307	171.157	1	1	1	1302.195	136.542	397.315
65.296	172.157	1	1	1	1299.886	136.542	397.315
65.286	173.157	1	1	1	1229.742	136.542	397.315
65.275	174.157	1	1	1	1224.991	136.542	397.315
65.264	175.157	1	1	1	1255.024	136.542	397.315
65.254	176.156	1	1	1	1239.374	136.542	397.315
65.283	177.156	1	1	1	1246.045	136.542	397.315
65.333	178.155	1	1	1	1297.050	136.542	397.315
65.383	179.154	1	1	1	1289.241	136.542	397.315
65.433	180.152	1	1	1	1291.806	136.542	397.315
65.483	181.151	1	1	1	1269.926	136.542	397.315
65.532	182.150	1	1	1	1251.115	136.542	397.315
65.582	183.149	1	1	1	1188.378	136.542	397.315
65.632	184.147	1	1	1	1149.313	136.542	397.315
65.682	185.146	1	1	1	1199.158	136.542	397.315
65.732	186.145	1	1	1	1153.427	136.542	397.315
65.763	187.144	1	1	1	1123.995	136.542	397.315
65.783	188.144	1	1	1	1127.773	136.542	397.315
65.803	189.144	1	1	1	1133.800	136.542	397.315
65.823	190.144	1	1	1	1175.929	136.542	397.315
65.843	191.144	1	1	1	1213.693	136.542	397.315
65.863	192.143	1	1	1	1236.978	136.542	397.315
65.883	193.143	1	1	1	1303.779	136.542	397.315
65.903	194.143	1	1	1	1284.608	136.542	397.315
65.923	195.143	1	1	1	1314.837	136.542	397.315
65.943	196.143	1	1	1	1343.932	136.542	397.315
65.963	197.142	1	1	1	1446.694	136.542	397.315
65.983	198.142	1	1	1	1372.690	136.542	397.315
66.022	199.141	1	1	1	1345.751	136.542	397.315
66.178	200.129	1	1	1	1287.389	136.542	397.315
66.334	201.117	1	1	1	1259.420	136.542	397.315
66.490	202.105	1	1	1	1246.979	136.542	397.315
66.646	203.092	1	1	1	1251.374	136.542	397.315
66.802	204.080	1	1	1	1308.288	136.542	397.315
66.958	205.068	1	1	1	1322.976	136.542	397.315
67.114	206.056	1	1	1	1315.611	136.542	397.315
67.270	207.044	1	1	1	1335.252	136.542	397.315
67.426	208.031	1	1	1	1411.709	136.542	397.315
67.740	208.981	1	1	1	1584.204	136.542	397.315
68.188	209.875	1	1	1	1605.288	136.542	397.315
68.635	210.769	1	1	1	1497.671	136.542	397.315
69.082	211.664	1	1	1	1389.774	136.542	397.315
69.529	212.558	1	1	1	1274.349	136.542	397.315
69.976	213.453	1	1	1	1155.494	136.542	397.315
70.424	214.347	1	1	1	1099.669	136.542	397.315
70.871	215.242	1	1	1	1012.006	136.542	397.315
71.318	216.136	1	1	1	919.938	136.542	397.315
71.765	217.030	1	1	1	899.901	136.542	397.315
72.212	217.925	1	1	1	859.963	136.542	397.315
72.689	218.804	1	1	1	799.778	136.542	397.315
73.167	219.682	1	1	1	781.027	136.542	397.315
73.646	220.560	1	1	1	804.977	136.542	397.315
74.125	221.438	1	1	1	769.848	136.542	397.315
74.604	222.316	1	1	1	776.096	136.542	397.315
75.083	223.194	1	1	1	786.181	136.542	397.315
75.562	224.072	1	1	1	779.241	136.542	397.315
76.041	224.949	1	1	1	821.346	136.542	397.315
76.519	225.827	1	1	1	844.668	136.542	397.315
76.998	226.705	1	1	1	865.899	136.542	397.315
77.477	227.583	1	1	1	869.635	136.542	397.315
77.956	228.461	1	1	1	801.545	136.542	397.315
78.472	229.317	1	1	1	798.195	136.542	397.315
79.046	230.137	1	1	1	777.157	136.542	397.315
79.619	230.956	1	1	1	790.948	136.542	397.315
80.193	231.775	1	1	1	767.294	136.542	397.315
80.766	232.594	1	1	1	785.455	136.542	397.315
81.340	233.414	1	1	1	750.423	136.542	397.315
81.913	234.233	1	1	1	774.252	136.542	397.315
82.486	235.052	1	1	1	777.798	136.542	397.315
83.060	235.871	1	1	1	818.111	136.542	397.315
83.561	236.737	1	1	1	819.299	136.542	397.315
83.812	237.705	1	1	1	803.221	136.542	397.315
84.062	238.673	1	1	1	807.648	136.542	397.315
84.312	239.641	1	1	1	819.764	136.542	397.315
84.563	240.609	1	1	1	795.254	136.542	397.315
84.813	241.577	1	1	1	811.681	136.542	397.315
85.063	242.546	1	1	1	802.925	136.542	397.315
85.314	243.514	1	1	1	808.399	136.542	397.315
85.564	244.482	1	1	1	832.438	136.542	397.315
85.815	245.450	1	1	1	862.203	136.542	397.315
86.065	246.418	1	1	1	869.672	136.542	397.315
86.315	247.386	1	1	1	879.186	136.542	397.315
86.566	248.354	1	1	1	898.699	136.542	397.315
86.816	249.323	1	1	1	901.381	136.542	397.315
87.067	250.291	1	1	1	876.080	136.542	397.315
87.364	251.245	1	1	1	848.447	136.542	397.315
87.786	252.152	1	1	1	836.024	136.542	397.315
88.208	253.059	1	1	1	795.487	136.542	397.315
88.629	253.966	1	1	1	820.473	136.542	397.315
89.051	254.872	1	1	1	836.607	136.542	397.315
89.473	255.779	1	1	1	837.600	136.542	397.315
89.895	256.686	1	1	1	840.464	136.542	397.315
90.316	257.592	1	1	1	844.374	136.542	397.315
90.738	258.499	1	1	1	823.670	136.542	397.315
91.160	259.406	1	1	1	826.651	136.542	397.315
91.581	260.313	1	1	1	838.520	136.542	397.315
92.003	261.219	1	1	1	825.486	136.542	397.315
92.341	262.160	1	1	1	835.696	136.542	397.315
92.558	263.137	1	1	1	824.979	136.542	397.315
92.775	264.113	1	1	1	799.391	136.542	397.315
92.992	265.089	1	1	1	831.551	136.542	397.315
93.209	266.065	1	1	1	848.194	136.542	397.315
93.426	267.041	1	1	1	860.214	136.542	397.315
93.643	268.018	1	1	1	895.522	136.542	397.315
93.860	268.994	1	1	1	880.912	136.542	397.315
94.077	269.970	1	1	1	962.902	136.542	397.315
94.294	270.946	1	1	1	1059.144	136.542	397.315
94.511	271.922	1	1	1	1073.941	136.542	397.315
94.727	272.899	1	1	1	1221.435	136.542	397.315
95.299	273.719	1	1	1	1306.117	136.542	397.315
95.906	274.514	1	1	1	1361.416	136.542	397.315
96.512	275.309	1	1	1	1409.416	136.542	397.315
97.119	276.104	1	1	1	1477.412	136.542	397.315
97.726	276.899	1	1	1	1526.973	136.542	397.315
98.332	277.694	1	1	1	1538.676	136.542	397.315
98.939	278.489	1	1	1	1550.917	136.542	397.315
99.546	279.284	1	1	1	1575.722	136.542	397.315
100.152	280.079	1	1	1	1563.977	136.542	397.315
100.759	280.874	1	1	1	1545.107	136.542	397.315
101.366	281.669	1	1	1	1567.075	136.542	397.315
101.972	282.464	1	1	1	1603.159	136.542	397.315
102.810	283.010	1	1	1	1568.920	136.542	397.315
103.656	283.543	1	1	1	1516.378	136.542	397.315
104.502	284.076	1	1	1	1471.342	136.542	397.315
105.349	284.608	1	1	1	1435.990	136.542	397.315
106.195	285.141	1	1	1	1435.274	136.542	397.315
107.041	285.674	1	1	1	1458.731	136.542	397.315
107.887	286.207	1	1	1	1500.098	136.542	397.315
108.733	286.740	1	1	1	1428.031	136.542	397.315
109.363	287.516	1	1	1	1381.452	136.542	397.315
109.988	288.297	1	1	1	1271.632	136.542	397.315
110.613	289.078	1	1	1	1179.971	136.542	397.315
111.237	289.859	1	1	1	1154.744	136.542	397.315
111.862	290.640	1	1	1	1167.413	136.542	397.315
112.487	291.421	1	1	1	1271.185	136.542	397.315
113.111	292.202	1	1	1	1320.861	136.542	397.315
113.736	292.983	1	1	1	1353.437	136.542	397.315
114.361	293.763	1	1	1	1385.076	136.542	397.315
114.985	294.544	1	1	1	1502.135	136.542	397.315
115.610	295.325	1	1	1	1518.875	136.542	397.315
116.358	295.989	1	1	1	1501.175	136.542	397.315
117.137	296.616	1	1	1	1466.056	136.542	397.315
117.916	297.243	1	1	1	1455.598	136.542	397.315
118.695	297.870	1	1	1	1449.752	136.542	397.315
119.474	298.497	1	1	1	1401.555	136.542	397.315
120.253	299.124	1	1	1	1407.355	136.542	397.315
121.032	299.751	1	1	1	1452.413	136.542	397.315
121.811	300.378	1	1	1	1511.374	136.542	397.315
122.590	301.005	1	1	1	1515.650	136.542	397.315
123.369	301.632	1	1	1	1479.984	136.542	397.315
124.148	302.259	1	1	1	1430.976	136.542	397.315
124.927	302.886	1	1	1	1454.593	136.542	397.315
125.706	303.513	1	1	1	1489.951	136.542	397.315
126.428	304.206	1	1	1	1444.639	136.542	397.315
127.112	304.935	1	1	1	1379.807	136.542	397.315
127.797	305.664	1	1	1	1376.226	136.542	397.315
128.481	306.393	1	1	1	1362.472	136.542	397.315
129.165	307.122	1	1	1	1428.969	136.542	397.315
129.850	307.851	1	1	1	1498.582	136.542	397.315
130.534	308.580	1	1	1	1555.258	136.542	397.315
131.219	309.309	1	1	1	1579.160	136.542	397.315
131.903	310.038	1	1	1	1598.193	136.542	397.315
132.588	310.767	1	1	1	1613.583	136.542	397.315
133.272	311.496	1	1	1	1562.126	136.542	397.315
133.956	312.225	1	1	1	1449.991	136.542	397.315
134.641	312.954	1	1	1	1405.645	136.542	397.315
135.325	313.683	1	1	1	1289.001	136.542	397.315
136.010	314.413	1	1	1	1210.764	136.542	397.315
136.694	315.142	1	1	1	1191.785	136.542	397.315
137.379	315.871	1	1	1	1076.550	136.542	397.315
138.219	316.413	1	1	1	1065.681	136.542	397.315
139.086	316.911	1	1	1	1038.544	136.542	397.315
139.953	317.408	1	1	1	1092.925	136.542	397.315
140.821	317.906	1	1	1	1193.974	136.542	397.315
141.688	318.404	1	1	1	1274.754	136.542	397.315
142.555	318.902	1	1	1	1364.080	136.542	397.315
143.422	319.400	1	1	1	1387.579	136.542	397.315
144.290	319.898	1	1	1	1363.787	136.542	397.315
145.157	320.396	1	1	1	1333.763	136.542	397.315
146.024	320.894	1	1	1	1390.895	136.542	397.315
146.891	321.391	1	1	1	1409.662	136.542	397.315
147.759	321.889	1	1	1	1454.002	136.542	397.315
148.626	322.387	1	1	1	1478.415	136.542	397.315
149.493	322.885	1	1	1	1433.861	136.542	397.315
150.361	323.383	1	1	1	1456.108	136.542	397.315
151.234	323.869	1	1	1	1476.876	136.542	397.315
152.126	324.323	1	1	1	1473.402	136.542	397.315
153.017	324.776	1	1	1	1484.712	136.542	397.315
153.908	325.230	1	1	1	1525.229	136.542	397.315
154.799	325.683	1	1	1	1528.500	136.542	397.315
155.691	326.137	1	1	1	1467.598	136.542	397.315
156.582	326.590	1	1	1	1400.491	136.542	397.315
157.473	327.043	1	1	1	1317.069	136.542	397.315
158.365	327.497	1	1	1	1238.882	136.542	397.315
159.256	327.950	1	1	1	1226.138	136.542	397.315
160.147	328.404	1	1	1	1219.520	136.542	397.315
161.038	328.857	1	1	1	1252.369	136.542	397.315
161.930	329.311	1	1	1	1263.517	136.542	397.315
162.821	329.764	1	1	1	1312.956	136.542	397.315
163.712	330.218	1	1	1	1338.688	136.542	397.315
164.603	330.671	1	1	1	1320.924	136.542	397.315
165.507	331.100	1	1	1	1288.560	136.542	397.315
166.438	331.465	1	1	1	1271.025	136.542	397.315
167.369	331.829	1	1	1	1265.645	136.542	397.315
168.300	332.194	1	1	1	1266.707	136.542	397.315
169.232	332.558	1	1	1	1243.268	136.542	397.315
170.163	332.922	1	1	1	1220.546	136.542	397.315
171.094	333.287	1	1	1	1251.062	136.542	397.315
172.025	333.651	1	1	1	1257.128	136.542	397.315
172.957	334.016	1	1	1	1215.926	136.542	397.315
173.888	334.380	1	1	1	1205.123	136.542	397.315
174.819	334.744	1	1	1	1206.781	136.542	397.315
175.750	335.109	1	1	1	1253.732	136.542	397.315
176.682	335.473	1	1	1	1257.206	136.542	397.315
177.612	335.840	1	1	1	1298.598	136.542	397.315
178.542	336.207	1	1	1	1350.963	136.542	397.315
179.472	336.574	1	1	1	1366.283	136.542	397.315
180.403	336.940	1	1	1	1402.888	136.542	397.315
181.333	337.307	1	1	1	1420.761	136.542	397.315
182.263	337.674	1	1	1	1391.619	136.542	397.315
183.193	338.041	1	1	1	1428.460	136.542	397.315
184.124	338.408	1	1	1	1331.847	136.542	397.315
185.054	338.775	1	1	1	1282.638	136.542	397.315
185.984	339.142	1	1	1	1260.166	136.542	397.315
186.915	339.509	1	1	1	1258.278	136.542	397.315
187.845	339.875	1	1	1	1218.137	136.542	397.315
188.775	340.242	1	1	1	1226.582	136.542	397.315
189.705	340.609	1	1	1	1292.191	136.542	397.315
190.636	340.976	1	1	1	1337.774	136.542	397.315
191.566	341.343	1	1	1	1365.978	136.542	397.315
192.496	341.710	1	1	1	1369.369	136.542	397.315
193.427	342.077	1	1	1	1422.375	136.542	397.315
194.357	342.444	1	1	1	1456.678	136.542	397.315
195.326	342.692	1	1	1	1430.809	136.542	397.315
196.300	342.918	1	1	1	1405.642	136.542	397.315
197.274	343.144	1	1	1	1340.259	136.542	397.315
198.248	343.370	1	1	1	1338.502	136.542	397.315
199.222	343.596	1	1	1	1326.344	136.542	397.315
200.196	343.822	1	1	1	1339.122	136.542	397.315
201.170	344.048	1	1	1	1332.936	136.542	397.315
202.144	344.275	1	1	1	1267.307	136.542	397.315
203.118	344.501	1	1	1	1211.363	136.542	397.315
204.092	344.727	1	1	1	1161.396	136.542	397.315
205.066	344.953	1	1	1	1165.111	136.542	397.315
206.041	345.179	1	1	1	1123.727	136.542	397.315
207.015	345.405	1	1	1	1129.679	136.542	397.315
207.989	345.631	1	1	1	1094.029	136.542	397.315
208.970	345.826	1	1	1	1105.922	136.542	397.315
209.957	345.987	1	1	1	1089.720	136.542	397.315
210.944	346.148	1	1	1	1110.524	136.542	397.315
211.931	346.308	1	1	1	1094.166	136.542	397.315
212.918	346.469	1	1	1	1092.638	136.542	397.315
213.905	346.630	1	1	1	1068.788	136.542	397.315
214.892	346.790	1	1	1	1093.604	136.542	397.315
215.879	346.951	1	1	1	1126.871	136.542	397.315
216.866	347.112	1	1	1	1145.681	136.542	397.315
217.853	347.273	1	1	1	1220.908	136.542	397.315
218.840	347.433	1	1	1	1225.725	136.542	397.315
219.838	347.369	1	1	1	1265.795	136.542	397.315
220.814	347.152	1	1	1	1269.239	136.542	397.315
221.790	346.936	1	1	1	1211.635	136.542	397.315
222.766	346.719	1	1	1	1187.806	136.542	397.315
223.742	346.502	1	1	1	1156.370	136.542	397.315
224.719	346.285	1	1	1	1133.381	136.542	397.315
225.695	346.068	1	1	1	1120.934	136.542	397.315
226.671	345.851	1	1	1	1104.969	136.542	397.315
227.647	345.634	1	1	1	1137.989	136.542	397.315
228.623	345.417	1	1	1	1185.480	136.542	397.315
229.599	345.200	1	1	1	1218.355	136.542	397.315
230.575	344.981	1	1	1	1238.371	136.542	397.315
231.543	344.731	1	1	1	1203.639	136.542	397.315
232.512	344.481	1	1	1	1189.949	136.542	397.315
233.480	344.231	1	1	1	1194.292	136.542	397.315
234.448	343.981	1	1	1	1195.979	136.542	397.315
235.416	343.731	1	1	1	1244.797	136.542	397.315
236.385	343.481	1	1	1	1313.559	136.542	397.315
237.353	343.231	1	1	1	1349.775	136.542	397.315
238.328	343.008	1	1	1	1349.759	136.542	397.315
239.323	343.107	1	1	1	1376.338	136.542	397.315
240.318	343.207	1	1	1	1388.093	136.542	397.315
241.313	343.306	1	1	1	1364.106	136.542	397.315
242.308	343.406	1	1	1	1338.420	136.542	397.315
243.303	343.505	1	1	1	1351.701	136.542	397.315
244.298	343.605	1	1	1	1353.380	136.542	397.315
245.293	343.704	1	1	1	1428.031	136.542	397.315
246.288	343.804	1	1	1	1500.583	136.542	397.315
247.283	343.903	1	1	1	1591.649	136.542	397.315
248.280	343.983	1	1	1	1686.218	136.542	397.315
249.154	343.498	1	1	1	1781.494	136.542	397.315
250.028	343.012	1	1	1	1851.692	136.542	397.315
250.902	342.527	1	1	1	1931.665	136.542	397.315
251.776	342.041	1	1	1	1867.189	136.542	397.315
252.651	341.555	1	1	1	1648.773	136.542	397.315
253.525	341.070	1	1	1	1411.520	136.542	397.315
254.399	340.584	1	1	1	1268.954	136.542	397.315
255.273	340.098	1	1	1	1198.276	136.542	397.315
256.147	339.613	1	1	1	1159.440	136.542	397.315
257.021	339.127	1	1	1	1126.408	136.542	397.315
257.898	338.646	1	1	1	1129.113	136.542	397.315
258.776	338.168	1	1	1	1128.142	136.542	397.315
259.654	337.689	1	1	1	1210.250	136.542	397.315
260.532	337.210	1	1	1	1232.917	136.542	397.315
261.410	336.731	1	1	1	1212.924	136.542	397.315
262.288	336.252	1	1	1	1206.790	136.542	397.315
263.166	335.773	1	1	1	1207.313	136.542	397.315
264.044	335.294	1	1	1	1235.853	136.542	397.315
264.921	334.816	1	1	1	1241.461	136.542	397.315
265.799	334.337	1	1	1	1312.021	136.542	397.315
266.677	333.858	1	1	1	1280.447	136.542	397.315
267.555	333.379	1	1	1	1206.971	136.542	397.315
268.419	332.875	1	1	1	1074.190	136.542	397.315
269.222	332.279	1	1	1	1032.104	136.542	397.315
270.025	331.683	1	1	1	944.988	136.542	397.315
270.828	331.087	1	1	1	909.263	136.542	397.315
271.631	330.491	1	1	1	913.787	136.542	397.315
272.434	329.896	1	1	1	921.408	136.542	397.315
273.237	329.300	1	1	1	1005.169	136.542	397.315
274.040	328.704	1	1	1	1109.315	136.542	397.315
274.844	328.108	1	1	1	1171.144	136.542	397.315
275.647	327.512	1	1	1	1222.079	136.542	397.315
276.428	326.889	1	1	1	1208.532	136.542	397.315
277.193	326.244	1	1	1	1145.379	136.542	397.315
277.958	325.600	1	1	1	1078.372	136.542	397.315
278.722	324.955	1	1	1	1079.264	136.542	397.315
279.487	324.310	1	1	1	1123.286	136.542	397.315
280.251	323.666	1	1	1	1150.960	136.542	397.315
281.016	323.021	1	1	1	1226.132	136.542	397.315
281.780	322.377	1	1	1	1284.665	136.542	397.315
282.545	321.732	1	1	1	1348.661	136.542	397.315
283.309	321.087	1	1	1	1317.053	136.542	397.315
284.074	320.443	1	1	1	1269.410	136.542	397.315
284.838	319.798	1	1	1	1312.480	136.542	397.315
285.603	319.154	1	1	1	1311.377	136.542	397.315
286.367	318.509	1	1	1	1317.614	136.542	397.315
287.132	317.864	1	1	1	1300.345	136.542	397.315
287.896	317.220	1	1	1	1264.110	136.542	397.315
288.661	316.575	1	1	1	1252.735	136.542	397.315
289.396	315.897	1	1	1	1209.788	136.542	397.315
290.127	315.215	1	1	1	1164.510	136.542	397.315
290.858	314.533	1	1	1	1193.548	136.542	397.315
291.589	313.850	1	1	1	1231.479	136.542	397.315
292.320	313.168	1	1	1	1237.788	136.542	397.315
293.051	312.486	1	1	1	1215.596	136.542	397.315
293.782	311.803	1	1	1	1211.974	136.542	397.315
294.513	311.121	1	1	1	1237.577	136.542	397.315
295.244	310.439	1	1	1	1222.455	136.542	397.315
295.975	309.756	1	1	1	1248.067	136.542	397.315
296.706	309.074	1	1	1	1257.494	136.542	397.315
297.438	308.392	1	1	1	1244.780	136.542	397.315
298.169	307.709	1	1	1	1274.895	136.542	397.315
298.900	307.027	1	1	1	1302.154	136.542	397.315
299.631	306.345	1	1	1	1306.197	136.542	397.315
300.272	305.577	1	1	1	1310.114	136.542	397.315
300.812	304.736	1	1	1	1285.929	136.542	397.315
301.353	303.895	1	1	1	1205.153	136.542	397.315
301.894	303.054	1	1	1	1151.643	136.542	397.315
302.435	302.213	1	1	1	1120.452	136.542	397.315
302.976	301.371	1	1	1	1147.213	136.542	397.315
303.516	300.530	1	1	1	1152.083	136.542	397.315
304.057	299.689	1	1	1	1156.219	136.542	397.315
304.540	298.813	1	1	1	1088.996	136.542	397.315
304.750	297.836	1	1	1	1046.876	136.542	397.315
304.959	296.858	1	1	1	1027.909	136.542	397.315
305.169	295.880	1	1	1	1017.928	136.542	397.315
305.378	294.902	1	1	1	1025.740	136.542	397.315
305.588	293.924	1	1	1	1009.227	136.542	397.315
305.797	292.947	1	1	1	939.342	136.542	397.315
306.018	291.971	1	1	1	898.953	136.542	397.315
306.548	291.123	1	1	1	884.271	136.542	397.315
307.078	290.275	1	1	1	873.860	136.542	397.315
307.608	289.427	1	1	1	842.053	136.542	397.315
308.138	288.579	1	1	1	878.890	136.542	397.315
308.668	287.731	1	1	1	865.366	136.542	397.315
309.198	286.883	1	1	1	891.872	136.542	397.315
309.728	286.035	1	1	1	898.970	136.542	397.315
310.258	285.187	1	1	1	885.774	136.542	397.315
310.788	284.339	1	1	1	889.553	136.542	397.315
311.318	283.491	1	1	1	883.272	136.542	397.315
311.848	282.643	1	1	1	908.722	136.542	397.315
312.413	281.818	1	1	1	940.394	136.542	397.315
313.079	281.072	1	1	1	950.056	136.542	397.315
313.745	280.326	1	1	1	1048.081	136.542	397.315
314.411	279.580	1	1	1	1117.715	136.542	397.315
315.077	278.834	1	1	1	1125.865	136.542	397.315
315.743	278.088	1	1	1	1163.584	136.542	397.315
316.409	277.342	1	1	1	1202.752	136.542	397.315
317.075	276.596	1	1	1	1168.512	136.542	397.315
317.741	275.850	1	1	1	1186.143	136.542	397.315
318.407	275.104	1	1	1	1225.543	136.542	397.315
319.108	274.392	1	1	1	1166.023	136.542	397.315
319.815	273.685	1	1	1	1158.270	136.542	397.315
320.522	272.978	1	1	1	1169.549	136.542	397.315
321.230	272.270	1	1	1	1114.354	136.542	397.315
321.937	271.563	1	1	1	1149.468	136.542	397.315
322.644	270.856	1	1	1	1181.809	136.542	397.315
323.351	270.149	1	1	1	1220.820	136.542	397.315
324.059	269.443	1	1	1	1245.736	136.542	397.315
324.773	268.743	1	1	1	1248.859	136.542	397.315
325.488	268.044	1	1	1	1285.797	136.542	397.315
326.203	267.344	1	1	1	1262.360	136.542	397.315
326.917	266.645	1	1	1	1261.070	136.542	397.315
327.632	265.945	1	1	1	1285.078	136.542	397.315
328.347	265.246	1	1	1	1296.450	136.542	397.315
329.061	264.546	1	1	1	1298.191	136.542	397.315
329.776	263.847	1	1	1	1367.963	136.542	397.315
330.072	262.892	1	1	1	1408.363	136.542	397.315
330.297	261.917	1	1	1	1365.628	136.542	397.315
330.521	260.943	1	1	1	1378.668	136.542	397.315
330.745	259.968	1	1	1	1345.790	136.542	397.315
330.969	258.994	1	1	1	1352.296	136.542	397.315
331.193	258.019	1	1	1	1280.843	136.542	397.315
331.417	257.045	1	1	1	1323.625	136.542	397.315
331.641	256.070	1	1	1	1281.503	136.542	397.315
331.866	255.095	1	1	1	1273.795	136.542	397.315
332.090	254.121	1	1	1	1201.233	136.542	397.315
332.314	253.146	1	1	1	1216.712	136.542	397.315
332.538	252.172	1	1	1	1232.878	136.542	397.315
332.763	251.197	1	1	1	1241.087	136.542	397.315
332.998	250.226	1	1	1	1253.626	136.542	397.315
333.234	249.254	1	1	1	1262.175	136.542	397.315
333.470	248.282	1	1	1	1255.884	136.542	397.315
333.705	247.310	1	1	1	1260.554	136.542	397.315
333.941	246.338	1	1	1	1293.646	136.542	397.315
334.176	245.366	1	1	1	1261.955	136.542	397.315
334.412	244.394	1	1	1	1260.948	136.542	397.315
334.648	243.423	1	1	1	1264.211	136.542	397.315
335.006	242.489	1	1	1	1293.423	136.542	397.315
335.453	241.594	1	1	1	1290.392	136.542	397.315
335.900	240.700	1	1	1	1315.329	136.542	397.315
336.347	239.806	1	1	1	1387.118	136.542	397.315
336.794	238.911	1	1	1	1385.659	136.542	397.315
337.242	238.017	1	1	1	1403.876	136.542	397.315
337.689	237.122	1	1	1	1397.843	136.542	397.315
338.136	236.228	1	1	1	1407.835	136.542	397.315
338.583	235.333	1	1	1	1426.354	136.542	397.315
338.829	234.364	1	1	1	1437.891	136.542	397.315
338.954	233.372	1	1	1	1414.233	136.542	397.315
339.078	232.380	1	1	1	1336.901	136.542	397.315
339.202	231.387	1	1	1	1335.108	136.542	397.315
339.326	230.395	1	1	1	1330.852	136.542	397.315
339.450	229.403	1	1	1	1296.216	136.542	397.315
339.574	228.411	1	1	1	1287.332	136.542	397.315
339.698	227.418	1	1	1	1275.967	136.542	397.315
339.822	226.426	1	1	1	1267.764	136.542	397.315
339.946	225.434	1	1	1	1244.555	136.542	397.315
340.163	224.458	1	1	1	1214.729	136.542	397.315
340.450	223.500	1	1	1	1213.879	136.542	397.315
340.737	222.542	1	1	1	1180.472	136.542	397.315
341.025	221.584	1	1	1	1148.568	136.542	397.315
341.312	220.626	1	1	1	1073.794	136.542	397.315
341.599	219.668	1	1	1	1033.277	136.542	397.315
341.887	218.711	1	1	1	1003.276	136.542	397.315
342.174	217.753	1	1	1	968.942	136.542	397.315
342.462	216.795	1	1	1	950.791	136.542	397.315
342.749	215.837	1	1	1	963.474	136.542	397.315
343.048	214.883	1	1	1	998.120	136.542	397.315
343.429	213.958	1	1	1	1053.072	136.542	397.315
343.810	213.034	1	1	1	1153.221	136.542	397.315
344.190	212.109	1	1	1	1262.269	136.542	397.315
344.571	211.184	1	1	1	1299.720	136.542	397.315
344.952	210.260	1	1	1	1341.114	136.542	397.315
345.333	209.335	1	1	1	1247.533	136.542	397.315
345.713	208.410	1	1	1	1136.747	136.542	397.315
346.094	207.486	1	1	1	1074.775	136.542	397.315
346.475	206.561	1	1	1	1050.469	136.542	397.315
346.856	205.636	1	1	1	1085.689	136.542	397.315
347.236	204.712	1	1	1	1083.434	136.542	397.315
347.617	203.787	1	1	1	1096.341	136.542	397.315
347.998	202.862	1	1	1	1110.875	136.542	397.315
348.362	201.931	1	1	1	1131.455	136.542	397.315
348.694	200.988	1	1	1	1132.464	136.542	397.315
349.026	200.044	1	1	1	1139.905	136.542	397.315
349.358	199.101	1	1	1	1076.500	136.542	397.315
349.690	198.158	1	1	1	1012.848	136.542	397.315
350.022	197.214	1	1	1	998.167	136.542	397.315
350.354	196.271	1	1	1	1022.461	136.542	397.315
350.686	195.328	1	1	1	1041.264	136.542	397.315
351.018	194.384	1	1	1	1042.479	136.542	397.315
351.349	193.441	1	1	1	1052.691	136.542	397.315
351.681	192.498	1	1	1	1051.234	136.542	397.315
352.013	191.554	1	1	1	1036.519	136.542	397.315
352.345	190.611	1	1	1	1015.670	136.542	397.315
352.677	189.668	1	1	1	985.661	136.542	397.315
353.010	188.725	1	1	1	960.166	136.542	397.315
353.369	187.791	1	1	1	959.326	136.542	397.315
353.728	186.858	1	1	1	934.102	136.542	397.315
354.087	185.925	1	1	1	975.762	136.542	397.315
354.446	184.991	1	1	1	1009.904	136.542	397.315
354.805	184.058	1	1	1	1069.666	136.542	397.315
355.164	183.125	1	1	1	1114.580	136.542	397.315
355.523	182.191	1	1	1	1088.410	136.542	397.315
355.882	181.258	1	1	1	1098.614	136.542	397.315
356.241	180.325	1	1	1	1176.463	136.542	397.315
356.599	179.391	1	1	1	1203.853	136.542	397.315
356.832	178.419	1	1	1	1208.551	136.542	397.315
356.972	177.429	1	1	1	1189.114	136.542	397.315
357.112	176.438	1	1	1	1188.151	136.542	397.315
357.251	175.448	1	1	1	1185.704	136.542	397.315
357.391	174.458	1	1	1	1146.261	136.542	397.315
357.531	173.468	1	1	1	1115.331	136.542	397.315
357.671	172.478	1	1	1	1074.181	136.542	397.315
357.811	171.487	1	1	1	1058.637	136.542	397.315
357.950	170.497	1	1	1	1097.237	136.542	397.315
358.090	169.507	1	1	1	1119.375	136.542	397.315
358.230	168.517	1	1	1	1179.432	136.542	397.315
358.034	167.536	1	1	1	1246.824	136.542	397.315
357.784	166.568	1	1	1	1231.041	136.542	397.315
357.534	165.600	1	1	1	1214.935	136.542	397.315
357.284	164.632	1	1	1	1176.459	136.542	397.315
357.034	163.663	1	1	1	1152.078	136.542	397.315
356.784	162.695	1	1	1	1071.034	136.542	397.315
356.534	161.727	1	1	1	1025.404	136.542	397.315
356.284	160.758	1	1	1	1000.591	136.542	397.315
356.035	159.790	1	1	1	953.608	136.542	397.315
355.785	158.822	1	1	1	1001.082	136.542	397.315
355.535	157.854	1	1	1	1023.494	136.542	397.315
355.285	156.885	1	1	1	1050.302	136.542	397.315
355.037	155.917	1	1	1	1079.784	136.542	397.315
354.789	154.948	1	1	1	1125.726	136.542	397.315
354.541	153.979	1	1	1	1155.740	136.542	397.315
354.293	153.010	1	1	1	1187.620	136.542	397.315
354.045	152.041	1	1	1	1228.336	136.542	397.315
353.798	151.073	1	1	1	1326.131	136.542	397.315
353.550	150.104	1	1	1	1407.810	136.542	397.315
353.302	149.135	1	1	1	1501.970	136.542	397.315
353.054	148.166	1	1	1	1522.355	136.542	397.315
352.806	147.197	1	1	1	1474.566	136.542	397.315
352.558	146.229	1	1	1	1385.371	136.542	397.315
352.109	145.335	1	1	1	1344.430	136.542	397.315
351.602	144.473	1	1	1	1326.944	136.542	397.315
351.095	143.611	1	1	1	1247.092	136.542	397.315
350.588	142.749	1	1	1	1200.499	136.542	397.315
350.081	141.888	1	1	1	1194.231	136.542	397.315
349.574	141.026	1	1	1	1178.612	136.542	397.315
349.067	140.164	1	1	1	1202.752	136.542	397.315
348.560	139.302	1	1	1	1196.730	136.542	397.315
348.053	138.440	1	1	1	1249.624	136.542	397.315
347.546	137.578	1	1	1	1259.568	136.542	397.315
347.039	136.716	1	1	1	1288.796	136.542	397.315
346.532	135.854	1	1	1	1343.651	136.542	397.315
346.025	134.992	1	1	1	1371.007	136.542	397.315
345.405	134.207	1	1	1	1358.900	136.542	397.315
344.722	133.476	1	1	1	1367.603	136.542	397.315
344.040	132.745	1	1	1	1306.751	136.542	397.315
343.358	132.014	1	1	1	1271.871	136.542	397.315
342.675	131.283	1	1	1	1234.124	136.542	397.315
341.993	130.552	1	1	1	1174.932	136.542	397.315
341.311	129.821	1	1	1	1220.387	136.542	397.315
340.629	129.090	1	1	1	1184.080	136.542	397.315
339.946	128.359	1	1	1	1203.636	136.542	397.315
339.264	127.628	1	1	1	1241.787	136.542	397.315
338.526	126.954	1	1	1	1247.256	136.542	397.315
337.703	126.384	1	1	1	1218.059	136.542	397.315
336.881	125.815	1	1	1	1176.877	136.542	397.315
336.059	125.246	1	1	1	1181.634	136.542	397.315
335.237	124.677	1	1	1	1181.227	136.542	397.315
334.415	124.108	1	1	1	1152.888	136.542	397.315
333.592	123.538	1	1	1	1131.360	136.542	397.315
332.770	122.969	1	1	1	1136.251	136.542	397.315
331.948	122.400	1	1	1	1091.226	136.542	397.315
331.126	121.831	1	1	1	1115.449	136.542	397.315
330.304	121.261	1	1	1	1128.806	136.542	397.315
329.481	120.692	1	1	1	1108.049	136.542	397.315
328.659	120.123	1	1	1	1083.753	136.542	397.315
327.831	119.563	1	1	1	1061.347	136.542	397.315
326.977	119.043	1	1	1	1104.991	136.542	397.315
326.123	118.523	1	1	1	1084.748	136.542	397.315
325.269	118.002	1	1	1	1092.808	136.542	397.315
324.415	117.482	1	1	1	1113.183	136.542	397.315
323.561	116.962	1	1	1	1140.948	136.542	397.315
322.707	116.441	1	1	1	1187.273	136.542	397.315
321.853	115.921	1	1	1	1201.410	136.542	397.315
320.999	115.400	1	1	1	1224.392	136.542	397.315
320.145	114.880	1	1	1	1150.904	136.542	397.315
319.291	114.360	1	1	1	1100.181	136.542	397.315
318.437	113.839	1	1	1	1123.895	136.542	397.315
317.583	113.319	1	1	1	1096.562	136.542	397.315
316.693	112.864	1	1	1	1089.173	136.542	397.315
315.788	112.437	1	1	1	1078.833	136.542	397.315
314.884	112.011	1	1	1	1090.016	136.542	397.315
313.980	111.584	1	1	1	1073.624	136.542	397.315
313.075	111.157	1	1	1	1067.649	136.542	397.315
312.171	110.730	1	1	1	1046.708	136.542	397.315
311.267	110.303	1	1	1	1057.595	136.542	397.315
310.362	109.877	1	1	1	1059.073	136.542	397.315
309.458	109.450	1	1	1	1053.649	136.542	397.315
308.553	109.023	1	1	1	1082.079	136.542	397.315
307.649	108.596	1	1	1	1027.341	136.542	397.315
306.745	108.169	1	1	1	1021.055	136.542	397.315
305.840	107.742	1	1	1	1023.566	136.542	397.315
304.936	107.316	1	1	1	984.477	136.542	397.315
304.032	106.889	1	1	1	951.918	136.542	397.315
303.127	106.462	1	1	1	947.726	136.542	397.315
302.223	106.035	1	1	1	948.161	136.542	397.315
301.319	105.608	1	1	1	955.986	136.542	397.315
300.414	105.182	1	1	1	950.340	136.542	397.315
299.510	104.755	1	1	1	1017.856	136.542	397.315
298.632	104.276	1	1	1	1013.689	136.542	397.315
297.754	103.798	1	1	1	974.309	136.542	397.315
296.876	103.319	1	1	1	957.831	136.542	397.315
295.998	102.840	1	1	1	972.201	136.542	397.315
295.120	102.361	1	1	1	1003.659	136.542	397.315
294.242	101.882	1	1	1	1042.641	136.542	397.315
293.365	101.403	1	1	1	1057.849	136.542	397.315
292.487	100.925	1	1	1	1096.798	136.542	397.315
291.609	100.446	1	1	1	1108.257	136.542	397.315
290.731	99.967	1	1	1	1084.525	136.542	397.315
289.853	99.488	1	1	1	1126.120	136.542	397.315
288.975	99.009	1	1	1	1125.722	136.542	397.315
288.097	98.530	1	1	1	1101.738	136.542	397.315
287.219	98.051	1	1	1	1144.396	136.542	397.315
286.341	97.573	1	1	1	1129.108	136.542	397.315
285.463	97.094	1	1	1	1144.286	136.542	397.315
284.586	96.615	1	1	1	1116.519	136.542	397.315
283.708	96.136	1	1	1	1117.959	136.542	397.315
282.816	95.683	1	1	1	1085.141	136.542	397.315
281.876	95.342	1	1	1	1111.089	136.542	397.315
280.936	95.001	1	1	1	1071.961	136.542	397.315
279.996	94.659	1	1	1	1063.010	136.542	397.315
279.056	94.318	1	1	1	1094.455	136.542	397.315
278.116	93.977	1	1	1	1099.951	136.542	397.315
277.176	93.635	1	1	1	1117.023	136.542	397.315
276.236	93.294	1	1	1	1105.075	136.542	397.315
275.296	92.953	1	1	1	1113.494	136.542	397.315
274.356	92.612	1	1	1	1130.765	136.542	397.315
273.417	92.270	1	1	1	1165.269	136.542	397.315
272.477	91.929	1	1	1	1220.120	136.542	397.315
271.537	91.588	1	1	1	1231.129	136.542	397.315
270.597	91.246	1	1	1	1253.003	136.542	397.315
269.657	90.905	1	1	1	1201.117	136.542	397.315
268.705	90.600	1	1	1	1195.193	136.542	397.315
267.729	90.378	1	1	1	1145.460	136.542	397.315
266.754	90.156	1	1	1	1140.034	136.542	397.315
265.779	89.935	1	1	1	1152.327	136.542	397.315
264.804	89.713	1	1	1	1148.156	136.542	397.315
263.829	89.491	1	1	1	1119.933	136.542	397.315
262.854	89.270	1	1	1	1115.974	136.542	397.315
261.879	89.048	1	1	1	1087.296	136.542	397.315
260.903	88.827	1	1	1	1052.323	136.542	397.315
259.928	88.605	1	1	1	1097.749	136.542	397.315
258.953	88.383	1	1	1	1085.929	136.542	397.315
257.978	88.161	1	1	1	1081.577	136.542	397.315
257.014	87.898	1	1	1	1151.193	136.542	397.315
256.049	87.634	1	1	1	1198.084	136.542	397.315
255.084	87.371	1	1	1	1220.996	136.542	397.315
254.119	87.108	1	1	1	1237.429	136.542	397.315
253.154	86.845	1	1	1	1222.449	136.542	397.315
252.190	86.582	1	1	1	1138.975	136.542	397.315
251.225	86.319	1	1	1	1075.876	136.542	397.315
250.281	85.988	1	1	1	968.426	136.542	397.315
249.374	85.567	1	1	1	926.755	136.542	397.315
248.467	85.146	1	1	1	877.073	136.542	397.315
247.560	84.724	1	1	1	883.125	136.542	397.315
246.653	84.303	1	1	1	879.227	136.542	397.315
245.746	83.882	1	1	1	903.152	136.542	397.315
244.839	83.461	1	1	1	918.524	136.542	397.315
243.932	83.040	1	1	1	948.480	136.542	397.315
243.025	82.619	1	1	1	962.363	136.542	397.315
242.118	82.198	1	1	1	983.994	136.542	397.315
241.209	81.782	1	1	1	1053.675	136.542	397.315
240.284	81.401	1	1	1	1133.730	136.542	397.315
239.360	81.020	1	1	1	1229.854	136.542	397.315
238.435	80.639	1	1	1	1307.832	136.542	397.315
237.510	80.258	1	1	1	1389.732	136.542	397.315
236.586	79.877	1	1	1	1366.772	136.542	397.315
235.661	79.496	1	1	1	1353.984	136.542	397.315
234.737	79.115	1	1	1	1296.794	136.542	397.315
233.812	78.734	1	1	1	1217.260	136.542	397.315
232.888	78.353	1	1	1	1143.969	136.542	397.315
231.963	77.972	1	1	1	1074.032	136.542	397.315
231.038	77.591	1	1	1	1096.078	136.542	397.315
230.114	77.210	1	1	1	1054.506	136.542	397.315
229.189	76.829	1	1	1	1034.498	136.542	397.315
228.265	76.448	1	1	1	1029.929	136.542	397.315
227.340	76.067	1	1	1	1005.096	136.542	397.315
226.415	75.686	1	1	1	982.515	136.542	397.315
225.491	75.305	1	1	1	917.966	136.542	397.315
224.578	74.898	1	1	1	909.465	136.542	397.315
223.716	74.390	1	1	1	870.458	136.542	397.315
222.855	73.882	1	1	1	897.530	136.542	397.315
221.994	73.373	1	1	1	978.721	136.542	397.315
221.133	72.865	1	1	1	1009.743	136.542	397.315
220.271	72.357	1	1	1	1067.324	136.542	397.315
219.410	71.849	1	1	1	1167.522	136.542	397.315
218.549	71.340	1	1	1	1209.217	136.542	397.315
217.688	70.832	1	1	1	1223.188	136.542	397.315
216.827	70.324	1	1	1	1197.082	136.542	397.315
215.965	69.816	1	1	1	1185.945	136.542	397.315
215.104	69.307	1	1	1	1157.945	136.542	397.315
214.243	68.799	1	1	1	1197.292	136.542	397.315
213.382	68.291	1	1	1	1206.442	136.542	397.315
212.521	67.783	1	1	1	1258.272	136.542	397.315
211.659	67.274	1	1	1	1355.167	136.542	397.315
210.798	66.766	1	1	1	1404.370	136.542	397.315
209.937	66.258	1	1	1	1386.542	136.542	397.315
209.039	65.819	1	1	1	1336.081	136.542	397.315
208.108	65.453	1	1	1	1341.759	136.542	397.315
207.177	65.087	1	1	1	1319.917	136.542	397.315
206.246	64.722	1	1	1	1267.229	136.542	397.315
205.316	64.356	1	1	1	1254.266	136.542	397.315
204.385	63.990	1	1	1	1230.423	136.542	397.315
203.454	63.625	1	1	1	1163.967	136.542	397.315
202.523	63.259	1	1	1	1184.872	136.542	397.315
201.593	62.894	1	1	1	1263.480	136.542	397.315
200.662	62.528	1	1	1	1294.379	136.542	397.315
199.731	62.162	1	1	1	1307.038	136.542	397.315
198.800	61.797	1	1	1	1338.807	136.542	397.315
197.870	61.431	1	1	1	1360.795	136.542	397.315
196.939	61.065	1	1	1	1356.629	136.542	397.315
196.008	60.700	1	1	1	1400.910	136.542	397.315
195.054	60.400	1	1	1	1375.067	136.542	397.315
194.078	60.181	1	1	1	1425.436	136.542	397.315
193.103	59.962	1	1	1	1463.816	136.542	397.315
192.127	59.743	1	1	1	1461.464	136.542	397.315
191.151	59.524	1	1	1	1409.231	136.542	397.315
190.175	59.305	1	1	1	1320.309	136.542	397.315
189.200	59.086	1	1	1	1242.142	136.542	397.315
188.224	58.867	1	1	1	1190.208	136.542	397.315
187.248	58.648	1	1	1	1165.872	136.542	397.315
186.273	58.429	1	1	1	1152.801	136.542	397.315
185.297	58.209	1	1	1	1154.138	136.542	397.315
184.321	57.990	1	1	1	1161.689	136.542	397.315
183.345	57.771	1	1	1	1115.008	136.542	397.315
182.408	57.424	1	1	1	1070.631	136.542	397.315
181.475	57.063	1	1	1	1082.394	136.542	397.315
180.543	56.701	1	1	1	1014.901	136.542	397.315
179.610	56.340	1	1	1	1036.287	136.542	397.315
178.678	55.979	1	1	1	1069.615	136.542	397.315
177.745	55.618	1	1	1	1046.313	136.542	397.315
176.813	55.256	1	1	1	1080.361	136.542	397.315
175.880	54.895	1	1	1	1134.209	136.542	397.315
174.948	54.534	1	1	1	1142.276	136.542	397.315
174.016	54.173	1	1	1	1200.360	136.542	397.315
173.030	54.005	1	1	1	1261.122	136.542	397.315
172.043	53.841	1	1	1	1284.170	136.542	397.315
171.057	53.676	1	1	1	1349.806	136.542	397.315
170.071	53.512	1	1	1	1345.530	136.542	397.315
169.084	53.347	1	1	1	1344.739	136.542	397.315
168.098	53.183	1	1	1	1330.058	136.542	397.315
167.111	53.019	1	1	1	1409.061	136.542	397.315
166.125	52.854	1	1	1	1369.059	136.542	397.315
165.139	52.690	1	1	1	1392.906	136.542	397.315
164.181	52.977	1	1	1	1394.152	136.542	397.315
163.246	53.331	1	1	1	1379.014	136.542	397.315
162.310	53.685	1	1	1	1283.863	136.542	397.315
161.375	54.040	1	1	1	1247.158	136.542	397.315
160.440	54.394	1	1	1	1285.346	136.542	397.315
159.505	54.748	1	1	1	1268.216	136.542	397.315
158.570	55.102	1	1	1	1357.115	136.542	397.315
157.635	55.457	1	1	1	1360.704	136.542	397.315
156.699	55.811	1	1	1	1377.112	136.542	397.315
155.764	56.165	1	1	1	1396.940	136.542	397.315
154.829	56.519	1	1	1	1365.103	136.542	397.315
153.899	56.886	1	1	1	1269.460	136.542	397.315
153.014	57.351	1	1	1	1161.925	136.542	397.315
152.128	57.816	1	1	1	1117.974	136.542	397.315
151.243	58.281	1	1	1	1039.564	136.542	397.315
150.357	58.746	1	1	1	981.551	136.542	397.315
149.472	59.211	1	1	1	984.984	136.542	397.315
148.587	59.675	1	1	1	949.512	136.542	397.315
147.701	60.140	1	1	1	1049.918	136.542	397.315
146.773	60.513	1	1	1	1052.477	136.542	397.315
145.821	60.817	1	1	1	1084.553	136.542	397.315
144.868	61.122	1	1	1	1067.911	136.542	397.315
143.916	61.427	1	1	1	1103.643	136.542	397.315
142.963	61.732	1	1	1	1149.283	136.542	397.315
142.011	62.037	1	1	1	1213.028	136.542	397.315
141.059	62.341	1	1	1	1235.977	136.542	397.315
140.106	62.646	1	1	1	1281.180	136.542	397.315
139.154	62.951	1	1	1	1286.502	136.542	397.315
138.283	63.443	1	1	1	1217.412	136.542	397.315
137.433	63.969	1	1	1	1150.564	136.542	397.315
136.582	64.495	1	1	1	1116.572	136.542	397.315
135.731	65.021	1	1	1	1082.149	136.542	397.315
134.881	65.546	1	1	1	1073.658	136.542	397.315
134.030	66.072	1	1	1	1052.359	136.542	397.315
133.180	66.598	1	1	1	1042.172	136.542	397.315
132.329	67.124	1	1	1	994.979	136.542	397.315
131.478	67.650	1	1	1	979.823	136.542	397.315
130.628	68.176	1	1	1	971.209	136.542	397.315
129.783	68.710	1	1	1	985.291	136.542	397.315
129.025	69.362	1	1	1	1052.918	136.542	397.315
128.267	70.015	1	1	1	1100.232	136.542	397.315
127.509	70.667	1	1	1	1150.498	136.542	397.315
126.751	71.319	1	1	1	1150.797	136.542	397.315
125.993	71.971	1	1	1	1102.285	136.542	397.315
125.235	72.624	1	1	1	1110.346	136.542	397.315
124.477	73.276	1	1	1	1113.918	136.542	397.315
123.719	73.928	1	1	1	1146.707	136.542	397.315
122.961	74.580	1	1	1	1195.411	136.542	397.315
122.153	75.169	1	1	1	1203.384	136.542	397.315
121.316	75.717	1	1	1	1255.148	136.542	397.315
120.479	76.264	1	1	1	1274.781	136.542	397.315
119.642	76.811	1	1	1	1263.426	136.542	397.315
118.805	77.358	1	1	1	1274.622	136.542	397.315
117.968	77.906	1	1	1	1283.740	136.542	397.315
117.131	78.453	1	1	1	1286.234	136.542	397.315
116.294	79.000	1	1	1	1334.882	136.542	397.315
115.457	79.547	1	1	1	1393.698	136.542	397.315
114.620	80.095	1	1	1	1388.674	136.542	397.315
113.839	80.720	1	1	1	1399.176	136.542	397.315
113.249	81.527	1	1	1	1352.528	136.542	397.315
112.659	82.335	1	1	1	1304.516	136.542	397.315
112.069	83.142	1	1	1	1341.726	136.542	397.315
111.479	83.949	1	1	1	1294.295	136.542	397.315
110.889	84.757	1	1	1	1273.331	136.542	397.315
110.299	85.564	1	1	1	1259.589	136.542	397.315
109.709	86.372	1	1	1	1250.538	136.542	397.315
109.119	87.179	1	1	1	1234.064	136.542	397.315
108.529	87.986	1	1	1	1195.404	136.542	397.315
107.939	88.794	1	1	1	1184.086	136.542	397.315
107.275	89.541	1	1	1	1180.232	136.542	397.315
106.552	90.232	1	1	1	1209.268	136.542	397.315
105.830	90.924	1	1	1	1190.648	136.542	397.315
105.107	91.615	1	1	1	1213.831	136.542	397.315
104.384	92.306	1	1	1	1182.556	136.542	397.315
103.662	92.997	1	1	1	1257.371	136.542	397.315
102.939	93.689	1	1	1	1214.288	136.542	397.315
102.217	94.380	1	1	1	1216.744	136.542	397.315
101.494	95.071	1	1	1	1219.715	136.542	397.315
100.771	95.762	1	1	1	1274.020	136.542	397.315
100.049	96.454	1	1	1	1269.028	136.542	397.315
99.237	97.038	1	1	1	1326.460	136.542	397.315
98.420	97.615	1	1	1	1406.664	136.542	397.315
97.603	98.192	1	1	1	1455.300	136.542	397.315
96.787	98.768	1	1	1	1502.134	136.542	397.315
95.970	99.345	1	1	1	1474.463	136.542	397.315
95.153	99.922	1	1	1	1493.268	136.542	397.315
94.336	100.498	1	1	1	1466.097	136.542	397.315
