X	Y	C	Z	T	Intensity	BG	MX
91.167	104.500	3	1	1	126.659	112.502	774.250
90.719	105.394	3	1	1	125.814	112.502	774.250
90.272	106.289	3	1	1	127.924	112.502	774.250
89.825	107.183	3	1	1	131.306	112.502	774.250
89.378	108.078	3	1	1	128.066	112.502	774.250
88.954	108.983	3	1	1	126.912	112.502	774.250
88.658	109.939	3	1	1	129.552	112.502	774.250
88.362	110.894	3	1	1	123.608	112.502	774.250
88.067	111.849	3	1	1	126.524	112.502	774.250
87.771	112.804	3	1	1	123.094	112.502	774.250
87.475	113.760	3	1	1	123.520	112.502	774.250
87.179	114.715	3	1	1	126.863	112.502	774.250
86.884	115.670	3	1	1	133.520	112.502	774.250
86.407	116.549	3	1	1	128.760	112.502	774.250
85.895	117.408	3	1	1	129.647	112.502	774.250
85.383	118.267	3	1	1	130.464	112.502	774.250
84.871	119.127	3	1	1	127.637	112.502	774.250
84.360	119.986	3	1	1	125.214	112.502	774.250
83.848	120.845	3	1	1	129.447	112.502	774.250
83.336	121.704	3	1	1	130.764	112.502	774.250
82.824	122.563	3	1	1	120.454	112.502	774.250
82.312	123.422	3	1	1	133.648	112.502	774.250
81.887	124.327	3	1	1	132.227	112.502	774.250
81.498	125.248	3	1	1	136.387	112.502	774.250
81.109	126.169	3	1	1	136.359	112.502	774.250
80.719	127.091	3	1	1	134.599	112.502	774.250
80.330	128.012	3	1	1	129.387	112.502	774.250
79.941	128.933	3	1	1	131.960	112.502	774.250
79.551	129.854	3	1	1	133.959	112.502	774.250
79.162	130.775	3	1	1	132.879	112.502	774.250
78.773	131.696	3	1	1	133.515	112.502	774.250
78.396	132.622	3	1	1	133.357	112.502	774.250
78.019	133.549	3	1	1	124.400	112.502	774.250
77.643	134.475	3	1	1	129.816	112.502	774.250
77.267	135.402	3	1	1	130.041	112.502	774.250
76.890	136.328	3	1	1	135.261	112.502	774.250
76.514	137.255	3	1	1	130.761	112.502	774.250
76.137	138.181	3	1	1	126.407	112.502	774.250
75.761	139.107	3	1	1	134.942	112.502	774.250
75.352	140.020	3	1	1	134.335	112.502	774.250
74.871	140.897	3	1	1	136.353	112.502	774.250
74.390	141.774	3	1	1	130.103	112.502	774.250
73.909	142.650	3	1	1	131.670	112.502	774.250
73.429	143.527	3	1	1	127.382	112.502	774.250
72.948	144.404	3	1	1	125.373	112.502	774.250
72.467	145.281	3	1	1	126.800	112.502	774.250
71.986	146.158	3	1	1	130.909	112.502	774.250
71.505	147.034	3	1	1	131.236	112.502	774.250
71.107	147.952	3	1	1	134.966	112.502	774.250
70.805	148.905	3	1	1	131.965	112.502	774.250
70.502	149.858	3	1	1	132.843	112.502	774.250
70.200	150.811	3	1	1	135.366	112.502	774.250
69.898	151.765	3	1	1	145.693	112.502	774.250
69.596	152.718	3	1	1	134.755	112.502	774.250
69.293	153.671	3	1	1	132.184	112.502	774.250
68.991	154.624	3	1	1	128.447	112.502	774.250
68.689	155.577	3	1	1	134.466	112.502	774.250
68.387	156.531	3	1	1	138.624	112.502	774.250
68.084	157.484	3	1	1	141.769	112.502	774.250
67.829	158.451	3	1	1	136.781	112.502	774.250
67.592	159.422	3	1	1	133.975	112.502	774.250
67.354	160.394	3	1	1	130.923	112.502	774.250
67.117	161.365	3	1	1	133.804	112.502	774.250
66.880	162.336	3	1	1	140.093	112.502	774.250
66.642	163.308	3	1	1	137.293	112.502	774.250
66.405	164.279	3	1	1	136.984	112.502	774.250
66.168	165.251	3	1	1	133.046	112.502	774.250
65.930	166.222	3	1	1	138.700	112.502	774.250
65.693	167.194	3	1	1	140.211	112.502	774.250
65.456	168.165	3	1	1	134.128	112.502	774.250
65.328	169.157	3	1	1	143.224	112.502	774.250
65.317	170.157	3	1	1	137.509	112.502	774.250
65.307	171.157	3	1	1	134.014	112.502	774.250
65.296	172.157	3	1	1	138.889	112.502	774.250
65.286	173.157	3	1	1	135.093	112.502	774.250
65.275	174.157	3	1	1	137.631	112.502	774.250
65.264	175.157	3	1	1	133.577	112.502	774.250
65.254	176.156	3	1	1	137.135	112.502	774.250
65.283	177.156	3	1	1	138.117	112.502	774.250
65.333	178.155	3	1	1	134.162	112.502	774.250
65.383	179.154	3	1	1	137.063	112.502	774.250
65.433	180.152	3	1	1	141.262	112.502	774.250
65.483	181.151	3	1	1	140.113	112.502	774.250
65.532	182.150	3	1	1	140.582	112.502	774.250
65.582	183.149	3	1	1	135.543	112.502	774.250
65.632	184.147	3	1	1	138.027	112.502	774.250
65.682	185.146	3	1	1	144.280	112.502	774.250
65.732	186.145	3	1	1	138.647	112.502	774.250
65.763	187.144	3	1	1	138.518	112.502	774.250
65.783	188.144	3	1	1	140.406	112.502	774.250
65.803	189.144	3	1	1	132.747	112.502	774.250
65.823	190.144	3	1	1	135.615	112.502	774.250
65.843	191.144	3	1	1	143.059	112.502	774.250
65.863	192.143	3	1	1	145.375	112.502	774.250
65.883	193.143	3	1	1	149.388	112.502	774.250
65.903	194.143	3	1	1	143.510	112.502	774.250
65.923	195.143	3	1	1	146.304	112.502	774.250
65.943	196.143	3	1	1	140.357	112.502	774.250
65.963	197.142	3	1	1	148.769	112.502	774.250
65.983	198.142	3	1	1	143.888	112.502	774.250
66.022	199.141	3	1	1	138.023	112.502	774.250
66.178	200.129	3	1	1	138.326	112.502	774.250
66.334	201.117	3	1	1	147.384	112.502	774.250
66.490	202.105	3	1	1	145.537	112.502	774.250
66.646	203.092	3	1	1	150.131	112.502	774.250
66.802	204.080	3	1	1	141.083	112.502	774.250
66.958	205.068	3	1	1	143.816	112.502	774.250
67.114	206.056	3	1	1	144.639	112.502	774.250
67.270	207.044	3	1	1	150.673	112.502	774.250
67.426	208.031	3	1	1	154.557	112.502	774.250
67.740	208.981	3	1	1	147.720	112.502	774.250
68.188	209.875	3	1	1	143.794	112.502	774.250
68.635	210.769	3	1	1	143.802	112.502	774.250
69.082	211.664	3	1	1	161.313	112.502	774.250
69.529	212.558	3	1	1	152.259	112.502	774.250
69.976	213.453	3	1	1	158.957	112.502	774.250
70.424	214.347	3	1	1	152.027	112.502	774.250
70.871	215.242	3	1	1	146.985	112.502	774.250
71.318	216.136	3	1	1	152.911	112.502	774.250
71.765	217.030	3	1	1	158.679	112.502	774.250
72.212	217.925	3	1	1	158.694	112.502	774.250
72.689	218.804	3	1	1	155.526	112.502	774.250
73.167	219.682	3	1	1	156.762	112.502	774.250
73.646	220.560	3	1	1	158.867	112.502	774.250
74.125	221.438	3	1	1	160.121	112.502	774.250
74.604	222.316	3	1	1	154.244	112.502	774.250
75.083	223.194	3	1	1	151.564	112.502	774.250
75.562	224.072	3	1	1	158.531	112.502	774.250
76.041	224.949	3	1	1	162.332	112.502	774.250
76.519	225.827	3	1	1	160.542	112.502	774.250
76.998	226.705	3	1	1	167.449	112.502	774.250
77.477	227.583	3	1	1	162.757	112.502	774.250
77.956	228.461	3	1	1	165.228	112.502	774.250
78.472	229.317	3	1	1	159.477	112.502	774.250
79.046	230.137	3	1	1	161.656	112.502	774.250
79.619	230.956	3	1	1	155.800	112.502	774.250
80.193	231.775	3	1	1	158.812	112.502	774.250
80.766	232.594	3	1	1	163.508	112.502	774.250
81.340	233.414	3	1	1	165.692	112.502	774.250
81.913	234.233	3	1	1	168.674	112.502	774.250
82.486	235.052	3	1	1	165.015	112.502	774.250
83.060	235.871	3	1	1	157.078	112.502	774.250
83.561	236.737	3	1	1	162.295	112.502	774.250
83.812	237.705	3	1	1	176.121	112.502	774.250
84.062	238.673	3	1	1	171.681	112.502	774.250
84.312	239.641	3	1	1	180.176	112.502	774.250
84.563	240.609	3	1	1	175.336	112.502	774.250
84.813	241.577	3	1	1	165.734	112.502	774.250
85.063	242.546	3	1	1	176.636	112.502	774.250
85.314	243.514	3	1	1	174.969	112.502	774.250
85.564	244.482	3	1	1	176.052	112.502	774.250
85.815	245.450	3	1	1	176.511	112.502	774.250
86.065	246.418	3	1	1	172.004	112.502	774.250
86.315	247.386	3	1	1	176.065	112.502	774.250
86.566	248.354	3	1	1	182.863	112.502	774.250
86.816	249.323	3	1	1	180.770	112.502	774.250
87.067	250.291	3	1	1	182.598	112.502	774.250
87.364	251.245	3	1	1	181.898	112.502	774.250
87.786	252.152	3	1	1	181.300	112.502	774.250
88.208	253.059	3	1	1	187.374	112.502	774.250
88.629	253.966	3	1	1	188.281	112.502	774.250
89.051	254.872	3	1	1	179.992	112.502	774.250
89.473	255.779	3	1	1	187.449	112.502	774.250
89.895	256.686	3	1	1	179.902	112.502	774.250
90.316	257.592	3	1	1	187.086	112.502	774.250
90.738	258.499	3	1	1	195.549	112.502	774.250
91.160	259.406	3	1	1	197.686	112.502	774.250
91.581	260.313	3	1	1	188.107	112.502	774.250
92.003	261.219	3	1	1	187.355	112.502	774.250
92.341	262.160	3	1	1	194.415	112.502	774.250
92.558	263.137	3	1	1	180.717	112.502	774.250
92.775	264.113	3	1	1	193.633	112.502	774.250
92.992	265.089	3	1	1	200.623	112.502	774.250
93.209	266.065	3	1	1	198.665	112.502	774.250
93.426	267.041	3	1	1	198.751	112.502	774.250
93.643	268.018	3	1	1	209.280	112.502	774.250
93.860	268.994	3	1	1	215.996	112.502	774.250
94.077	269.970	3	1	1	227.789	112.502	774.250
94.294	270.946	3	1	1	247.954	112.502	774.250
94.511	271.922	3	1	1	264.841	112.502	774.250
94.727	272.899	3	1	1	294.908	112.502	774.250
95.299	273.719	3	1	1	314.497	112.502	774.250
95.906	274.514	3	1	1	322.175	112.502	774.250
96.512	275.309	3	1	1	350.072	112.502	774.250
97.119	276.104	3	1	1	360.862	112.502	774.250
97.726	276.899	3	1	1	334.479	112.502	774.250
98.332	277.694	3	1	1	320.321	112.502	774.250
98.939	278.489	3	1	1	305.524	112.502	774.250
99.546	279.284	3	1	1	302.712	112.502	774.250
100.152	280.079	3	1	1	283.326	112.502	774.250
100.759	280.874	3	1	1	271.032	112.502	774.250
101.366	281.669	3	1	1	254.451	112.502	774.250
101.972	282.464	3	1	1	248.538	112.502	774.250
102.810	283.010	3	1	1	260.761	112.502	774.250
103.656	283.543	3	1	1	230.522	112.502	774.250
104.502	284.076	3	1	1	226.810	112.502	774.250
105.349	284.608	3	1	1	214.292	112.502	774.250
106.195	285.141	3	1	1	206.122	112.502	774.250
107.041	285.674	3	1	1	212.261	112.502	774.250
107.887	286.207	3	1	1	210.609	112.502	774.250
108.733	286.740	3	1	1	200.730	112.502	774.250
109.363	287.516	3	1	1	197.888	112.502	774.250
109.988	288.297	3	1	1	201.161	112.502	774.250
110.613	289.078	3	1	1	193.630	112.502	774.250
111.237	289.859	3	1	1	201.062	112.502	774.250
111.862	290.640	3	1	1	196.466	112.502	774.250
112.487	291.421	3	1	1	199.894	112.502	774.250
113.111	292.202	3	1	1	191.171	112.502	774.250
113.736	292.983	3	1	1	188.092	112.502	774.250
114.361	293.763	3	1	1	188.603	112.502	774.250
114.985	294.544	3	1	1	199.677	112.502	774.250
115.610	295.325	3	1	1	188.399	112.502	774.250
116.358	295.989	3	1	1	192.536	112.502	774.250
117.137	296.616	3	1	1	192.635	112.502	774.250
117.916	297.243	3	1	1	197.067	112.502	774.250
118.695	297.870	3	1	1	204.255	112.502	774.250
119.474	298.497	3	1	1	206.081	112.502	774.250
120.253	299.124	3	1	1	184.175	112.502	774.250
121.032	299.751	3	1	1	196.609	112.502	774.250
121.811	300.378	3	1	1	196.678	112.502	774.250
122.590	301.005	3	1	1	204.242	112.502	774.250
123.369	301.632	3	1	1	182.519	112.502	774.250
124.148	302.259	3	1	1	193.370	112.502	774.250
124.927	302.886	3	1	1	194.269	112.502	774.250
125.706	303.513	3	1	1	193.233	112.502	774.250
126.428	304.206	3	1	1	185.888	112.502	774.250
127.112	304.935	3	1	1	194.213	112.502	774.250
127.797	305.664	3	1	1	187.341	112.502	774.250
128.481	306.393	3	1	1	188.203	112.502	774.250
129.165	307.122	3	1	1	186.787	112.502	774.250
129.850	307.851	3	1	1	189.353	112.502	774.250
130.534	308.580	3	1	1	197.353	112.502	774.250
131.219	309.309	3	1	1	197.624	112.502	774.250
131.903	310.038	3	1	1	194.303	112.502	774.250
132.588	310.767	3	1	1	199.717	112.502	774.250
133.272	311.496	3	1	1	183.784	112.502	774.250
133.956	312.225	3	1	1	188.209	112.502	774.250
134.641	312.954	3	1	1	175.537	112.502	774.250
135.325	313.683	3	1	1	189.341	112.502	774.250
136.010	314.413	3	1	1	189.867	112.502	774.250
136.694	315.142	3	1	1	185.556	112.502	774.250
137.379	315.871	3	1	1	196.756	112.502	774.250
138.219	316.413	3	1	1	193.872	112.502	774.250
139.086	316.911	3	1	1	196.294	112.502	774.250
139.953	317.408	3	1	1	191.686	112.502	774.250
140.821	317.906	3	1	1	189.334	112.502	774.250
141.688	318.404	3	1	1	180.303	112.502	774.250
142.555	318.902	3	1	1	179.465	112.502	774.250
143.422	319.400	3	1	1	187.843	112.502	774.250
144.290	319.898	3	1	1	177.001	112.502	774.250
145.157	320.396	3	1	1	182.695	112.502	774.250
146.024	320.894	3	1	1	185.912	112.502	774.250
146.891	321.391	3	1	1	187.502	112.502	774.250
147.759	321.889	3	1	1	190.190	112.502	774.250
148.626	322.387	3	1	1	188.683	112.502	774.250
149.493	322.885	3	1	1	182.418	112.502	774.250
150.361	323.383	3	1	1	183.611	112.502	774.250
151.234	323.869	3	1	1	181.446	112.502	774.250
152.126	324.323	3	1	1	184.690	112.502	774.250
153.017	324.776	3	1	1	185.670	112.502	774.250
153.908	325.230	3	1	1	178.452	112.502	774.250
154.799	325.683	3	1	1	171.271	112.502	774.250
155.691	326.137	3	1	1	174.069	112.502	774.250
156.582	326.590	3	1	1	182.888	112.502	774.250
157.473	327.043	3	1	1	183.557	112.502	774.250
158.365	327.497	3	1	1	180.582	112.502	774.250
159.256	327.950	3	1	1	182.268	112.502	774.250
160.147	328.404	3	1	1	174.450	112.502	774.250
161.038	328.857	3	1	1	181.033	112.502	774.250
161.930	329.311	3	1	1	180.048	112.502	774.250
162.821	329.764	3	1	1	167.131	112.502	774.250
163.712	330.218	3	1	1	169.490	112.502	774.250
164.603	330.671	3	1	1	177.004	112.502	774.250
165.507	331.100	3	1	1	173.617	112.502	774.250
166.438	331.465	3	1	1	182.565	112.502	774.250
167.369	331.829	3	1	1	180.837	112.502	774.250
168.300	332.194	3	1	1	176.877	112.502	774.250
169.232	332.558	3	1	1	174.622	112.502	774.250
170.163	332.922	3	1	1	181.313	112.502	774.250
171.094	333.287	3	1	1	185.370	112.502	774.250
172.025	333.651	3	1	1	184.669	112.502	774.250
172.957	334.016	3	1	1	176.754	112.502	774.250
173.888	334.380	3	1	1	183.050	112.502	774.250
174.819	334.744	3	1	1	176.369	112.502	774.250
175.750	335.109	3	1	1	164.102	112.502	774.250
176.682	335.473	3	1	1	177.053	112.502	774.250
177.612	335.840	3	1	1	182.687	112.502	774.250
178.542	336.207	3	1	1	181.942	112.502	774.250
179.472	336.574	3	1	1	176.900	112.502	774.250
180.403	336.940	3	1	1	185.538	112.502	774.250
181.333	337.307	3	1	1	179.698	112.502	774.250
182.263	337.674	3	1	1	179.846	112.502	774.250
183.193	338.041	3	1	1	178.488	112.502	774.250
184.124	338.408	3	1	1	174.337	112.502	774.250
185.054	338.775	3	1	1	178.103	112.502	774.250
185.984	339.142	3	1	1	181.936	112.502	774.250
186.915	339.509	3	1	1	177.599	112.502	774.250
187.845	339.875	3	1	1	172.821	112.502	774.250
188.775	340.242	3	1	1	169.302	112.502	774.250
189.705	340.609	3	1	1	169.272	112.502	774.250
190.636	340.976	3	1	1	174.659	112.502	774.250
191.566	341.343	3	1	1	179.191	112.502	774.250
192.496	341.710	3	1	1	183.079	112.502	774.250
193.427	342.077	3	1	1	175.495	112.502	774.250
194.357	342.444	3	1	1	177.341	112.502	774.250
195.326	342.692	3	1	1	176.330	112.502	774.250
196.300	342.918	3	1	1	166.485	112.502	774.250
197.274	343.144	3	1	1	160.723	112.502	774.250
198.248	343.370	3	1	1	172.738	112.502	774.250
199.222	343.596	3	1	1	176.076	112.502	774.250
200.196	343.822	3	1	1	168.318	112.502	774.250
201.170	344.048	3	1	1	175.942	112.502	774.250
202.144	344.275	3	1	1	167.800	112.502	774.250
203.118	344.501	3	1	1	165.288	112.502	774.250
204.092	344.727	3	1	1	172.557	112.502	774.250
205.066	344.953	3	1	1	168.773	112.502	774.250
206.041	345.179	3	1	1	177.995	112.502	774.250
207.015	345.405	3	1	1	173.272	112.502	774.250
207.989	345.631	3	1	1	173.776	112.502	774.250
208.970	345.826	3	1	1	164.173	112.502	774.250
209.957	345.987	3	1	1	169.622	112.502	774.250
210.944	346.148	3	1	1	167.502	112.502	774.250
211.931	346.308	3	1	1	169.562	112.502	774.250
212.918	346.469	3	1	1	172.474	112.502	774.250
213.905	346.630	3	1	1	172.143	112.502	774.250
214.892	346.790	3	1	1	183.418	112.502	774.250
215.879	346.951	3	1	1	177.912	112.502	774.250
216.866	347.112	3	1	1	166.750	112.502	774.250
217.853	347.273	3	1	1	169.993	112.502	774.250
218.840	347.433	3	1	1	169.787	112.502	774.250
219.838	347.369	3	1	1	172.260	112.502	774.250
220.814	347.152	3	1	1	175.173	112.502	774.250
221.790	346.936	3	1	1	176.854	112.502	774.250
222.766	346.719	3	1	1	182.998	112.502	774.250
223.742	346.502	3	1	1	180.047	112.502	774.250
224.719	346.285	3	1	1	177.565	112.502	774.250
225.695	346.068	3	1	1	181.682	112.502	774.250
226.671	345.851	3	1	1	177.612	112.502	774.250
227.647	345.634	3	1	1	159.158	112.502	774.250
228.623	345.417	3	1	1	168.014	112.502	774.250
229.599	345.200	3	1	1	173.340	112.502	774.250
230.575	344.981	3	1	1	179.037	112.502	774.250
231.543	344.731	3	1	1	176.511	112.502	774.250
232.512	344.481	3	1	1	168.097	112.502	774.250
233.480	344.231	3	1	1	167.846	112.502	774.250
234.448	343.981	3	1	1	174.278	112.502	774.250
235.416	343.731	3	1	1	173.636	112.502	774.250
236.385	343.481	3	1	1	173.139	112.502	774.250
237.353	343.231	3	1	1	170.975	112.502	774.250
238.328	343.008	3	1	1	173.012	112.502	774.250
239.323	343.107	3	1	1	170.758	112.502	774.250
240.318	343.207	3	1	1	165.556	112.502	774.250
241.313	343.306	3	1	1	173.871	112.502	774.250
242.308	343.406	3	1	1	167.968	112.502	774.250
243.303	343.505	3	1	1	164.396	112.502	774.250
244.298	343.605	3	1	1	171.384	112.502	774.250
245.293	343.704	3	1	1	168.226	112.502	774.250
246.288	343.804	3	1	1	165.846	112.502	774.250
247.283	343.903	3	1	1	168.305	112.502	774.250
248.280	343.983	3	1	1	177.707	112.502	774.250
249.154	343.498	3	1	1	174.241	112.502	774.250
250.028	343.012	3	1	1	174.091	112.502	774.250
250.902	342.527	3	1	1	177.430	112.502	774.250
251.776	342.041	3	1	1	173.277	112.502	774.250
252.651	341.555	3	1	1	178.163	112.502	774.250
253.525	341.070	3	1	1	169.457	112.502	774.250
254.399	340.584	3	1	1	166.393	112.502	774.250
255.273	340.098	3	1	1	162.352	112.502	774.250
256.147	339.613	3	1	1	166.792	112.502	774.250
257.021	339.127	3	1	1	167.973	112.502	774.250
257.898	338.646	3	1	1	173.011	112.502	774.250
258.776	338.168	3	1	1	168.567	112.502	774.250
259.654	337.689	3	1	1	163.825	112.502	774.250
260.532	337.210	3	1	1	171.137	112.502	774.250
261.410	336.731	3	1	1	164.170	112.502	774.250
262.288	336.252	3	1	1	166.300	112.502	774.250
263.166	335.773	3	1	1	171.901	112.502	774.250
264.044	335.294	3	1	1	174.666	112.502	774.250
264.921	334.816	3	1	1	165.834	112.502	774.250
265.799	334.337	3	1	1	167.590	112.502	774.250
266.677	333.858	3	1	1	172.737	112.502	774.250
267.555	333.379	3	1	1	163.732	112.502	774.250
268.419	332.875	3	1	1	167.626	112.502	774.250
269.222	332.279	3	1	1	160.240	112.502	774.250
270.025	331.683	3	1	1	160.454	112.502	774.250
270.828	331.087	3	1	1	160.977	112.502	774.250
271.631	330.491	3	1	1	164.400	112.502	774.250
272.434	329.896	3	1	1	166.427	112.502	774.250
273.237	329.300	3	1	1	159.896	112.502	774.250
274.040	328.704	3	1	1	160.466	112.502	774.250
274.844	328.108	3	1	1	161.809	112.502	774.250
275.647	327.512	3	1	1	164.192	112.502	774.250
276.428	326.889	3	1	1	156.192	112.502	774.250
277.193	326.244	3	1	1	152.254	112.502	774.250
277.958	325.600	3	1	1	154.913	112.502	774.250
278.722	324.955	3	1	1	155.866	112.502	774.250
279.487	324.310	3	1	1	156.619	112.502	774.250
280.251	323.666	3	1	1	162.293	112.502	774.250
281.016	323.021	3	1	1	158.192	112.502	774.250
281.780	322.377	3	1	1	161.789	112.502	774.250
282.545	321.732	3	1	1	158.965	112.502	774.250
283.309	321.087	3	1	1	157.923	112.502	774.250
284.074	320.443	3	1	1	152.087	112.502	774.250
284.838	319.798	3	1	1	159.154	112.502	774.250
285.603	319.154	3	1	1	152.101	112.502	774.250
286.367	318.509	3	1	1	155.052	112.502	774.250
287.132	317.864	3	1	1	147.717	112.502	774.250
287.896	317.220	3	1	1	153.844	112.502	774.250
288.661	316.575	3	1	1	152.457	112.502	774.250
289.396	315.897	3	1	1	152.226	112.502	774.250
290.127	315.215	3	1	1	154.736	112.502	774.250
290.858	314.533	3	1	1	153.400	112.502	774.250
291.589	313.850	3	1	1	156.978	112.502	774.250
292.320	313.168	3	1	1	159.093	112.502	774.250
293.051	312.486	3	1	1	160.208	112.502	774.250
293.782	311.803	3	1	1	149.264	112.502	774.250
294.513	311.121	3	1	1	148.396	112.502	774.250
295.244	310.439	3	1	1	146.836	112.502	774.250
295.975	309.756	3	1	1	151.101	112.502	774.250
296.706	309.074	3	1	1	152.478	112.502	774.250
297.438	308.392	3	1	1	148.672	112.502	774.250
298.169	307.709	3	1	1	149.914	112.502	774.250
298.900	307.027	3	1	1	146.717	112.502	774.250
299.631	306.345	3	1	1	147.879	112.502	774.250
300.272	305.577	3	1	1	147.772	112.502	774.250
300.812	304.736	3	1	1	149.230	112.502	774.250
301.353	303.895	3	1	1	148.697	112.502	774.250
301.894	303.054	3	1	1	146.664	112.502	774.250
302.435	302.213	3	1	1	149.118	112.502	774.250
302.976	301.371	3	1	1	151.366	112.502	774.250
303.516	300.530	3	1	1	155.838	112.502	774.250
304.057	299.689	3	1	1	151.307	112.502	774.250
304.540	298.813	3	1	1	145.690	112.502	774.250
304.750	297.836	3	1	1	136.527	112.502	774.250
304.959	296.858	3	1	1	147.713	112.502	774.250
305.169	295.880	3	1	1	149.812	112.502	774.250
305.378	294.902	3	1	1	143.326	112.502	774.250
305.588	293.924	3	1	1	148.229	112.502	774.250
305.797	292.947	3	1	1	152.041	112.502	774.250
306.018	291.971	3	1	1	157.126	112.502	774.250
306.548	291.123	3	1	1	149.665	112.502	774.250
307.078	290.275	3	1	1	151.456	112.502	774.250
307.608	289.427	3	1	1	152.320	112.502	774.250
308.138	288.579	3	1	1	143.560	112.502	774.250
308.668	287.731	3	1	1	148.644	112.502	774.250
309.198	286.883	3	1	1	143.447	112.502	774.250
309.728	286.035	3	1	1	147.590	112.502	774.250
310.258	285.187	3	1	1	149.041	112.502	774.250
310.788	284.339	3	1	1	144.918	112.502	774.250
311.318	283.491	3	1	1	138.801	112.502	774.250
311.848	282.643	3	1	1	148.786	112.502	774.250
312.413	281.818	3	1	1	149.377	112.502	774.250
313.079	281.072	3	1	1	138.387	112.502	774.250
313.745	280.326	3	1	1	143.610	112.502	774.250
314.411	279.580	3	1	1	144.427	112.502	774.250
315.077	278.834	3	1	1	137.982	112.502	774.250
315.743	278.088	3	1	1	140.645	112.502	774.250
316.409	277.342	3	1	1	141.779	112.502	774.250
317.075	276.596	3	1	1	140.174	112.502	774.250
317.741	275.850	3	1	1	143.288	112.502	774.250
318.407	275.104	3	1	1	147.194	112.502	774.250
319.108	274.392	3	1	1	143.761	112.502	774.250
319.815	273.685	3	1	1	142.680	112.502	774.250
320.522	272.978	3	1	1	136.938	112.502	774.250
321.230	272.270	3	1	1	136.862	112.502	774.250
321.937	271.563	3	1	1	147.834	112.502	774.250
322.644	270.856	3	1	1	153.638	112.502	774.250
323.351	270.149	3	1	1	137.704	112.502	774.250
324.059	269.443	3	1	1	142.882	112.502	774.250
324.773	268.743	3	1	1	137.644	112.502	774.250
325.488	268.044	3	1	1	141.605	112.502	774.250
326.203	267.344	3	1	1	147.453	112.502	774.250
326.917	266.645	3	1	1	145.374	112.502	774.250
327.632	265.945	3	1	1	136.000	112.502	774.250
328.347	265.246	3	1	1	147.335	112.502	774.250
329.061	264.546	3	1	1	149.614	112.502	774.250
329.776	263.847	3	1	1	139.713	112.502	774.250
330.072	262.892	3	1	1	140.640	112.502	774.250
330.297	261.917	3	1	1	144.383	112.502	774.250
330.521	260.943	3	1	1	137.320	112.502	774.250
330.745	259.968	3	1	1	139.785	112.502	774.250
330.969	258.994	3	1	1	140.658	112.502	774.250
331.193	258.019	3	1	1	145.154	112.502	774.250
331.417	257.045	3	1	1	144.871	112.502	774.250
331.641	256.070	3	1	1	138.147	112.502	774.250
331.866	255.095	3	1	1	137.030	112.502	774.250
332.090	254.121	3	1	1	148.201	112.502	774.250
332.314	253.146	3	1	1	148.234	112.502	774.250
332.538	252.172	3	1	1	138.669	112.502	774.250
332.763	251.197	3	1	1	138.308	112.502	774.250
332.998	250.226	3	1	1	144.682	112.502	774.250
333.234	249.254	3	1	1	146.941	112.502	774.250
333.470	248.282	3	1	1	138.867	112.502	774.250
333.705	247.310	3	1	1	139.118	112.502	774.250
333.941	246.338	3	1	1	146.431	112.502	774.250
334.176	245.366	3	1	1	141.999	112.502	774.250
334.412	244.394	3	1	1	141.921	112.502	774.250
334.648	243.423	3	1	1	139.018	112.502	774.250
335.006	242.489	3	1	1	139.023	112.502	774.250
335.453	241.594	3	1	1	145.544	112.502	774.250
335.900	240.700	3	1	1	140.229	112.502	774.250
336.347	239.806	3	1	1	140.812	112.502	774.250
336.794	238.911	3	1	1	149.523	112.502	774.250
337.242	238.017	3	1	1	140.961	112.502	774.250
337.689	237.122	3	1	1	137.178	112.502	774.250
338.136	236.228	3	1	1	141.967	112.502	774.250
338.583	235.333	3	1	1	142.961	112.502	774.250
338.829	234.364	3	1	1	145.629	112.502	774.250
338.954	233.372	3	1	1	144.324	112.502	774.250
339.078	232.380	3	1	1	144.149	112.502	774.250
339.202	231.387	3	1	1	139.536	112.502	774.250
339.326	230.395	3	1	1	143.919	112.502	774.250
339.450	229.403	3	1	1	142.508	112.502	774.250
339.574	228.411	3	1	1	144.774	112.502	774.250
339.698	227.418	3	1	1	147.231	112.502	774.250
339.822	226.426	3	1	1	146.877	112.502	774.250
339.946	225.434	3	1	1	149.690	112.502	774.250
340.163	224.458	3	1	1	149.332	112.502	774.250
340.450	223.500	3	1	1	144.331	112.502	774.250
340.737	222.542	3	1	1	141.706	112.502	774.250
341.025	221.584	3	1	1	140.423	112.502	774.250
341.312	220.626	3	1	1	141.803	112.502	774.250
341.599	219.668	3	1	1	146.552	112.502	774.250
341.887	218.711	3	1	1	144.226	112.502	774.250
342.174	217.753	3	1	1	137.758	112.502	774.250
342.462	216.795	3	1	1	140.919	112.502	774.250
342.749	215.837	3	1	1	139.397	112.502	774.250
343.048	214.883	3	1	1	141.811	112.502	774.250
343.429	213.958	3	1	1	148.026	112.502	774.250
343.810	213.034	3	1	1	144.965	112.502	774.250
344.190	212.109	3	1	1	145.287	112.502	774.250
344.571	211.184	3	1	1	142.080	112.502	774.250
344.952	210.260	3	1	1	147.229	112.502	774.250
345.333	209.335	3	1	1	144.253	112.502	774.250
345.713	208.410	3	1	1	145.148	112.502	774.250
346.094	207.486	3	1	1	143.833	112.502	774.250
346.475	206.561	3	1	1	146.798	112.502	774.250
346.856	205.636	3	1	1	148.234	112.502	774.250
347.236	204.712	3	1	1	139.220	112.502	774.250
347.617	203.787	3	1	1	139.275	112.502	774.250
347.998	202.862	3	1	1	141.460	112.502	774.250
348.362	201.931	3	1	1	146.882	112.502	774.250
348.694	200.988	3	1	1	148.183	112.502	774.250
349.026	200.044	3	1	1	146.879	112.502	774.250
349.358	199.101	3	1	1	142.393	112.502	774.250
349.690	198.158	3	1	1	137.065	112.502	774.250
350.022	197.214	3	1	1	134.291	112.502	774.250
350.354	196.271	3	1	1	147.785	112.502	774.250
350.686	195.328	3	1	1	147.653	112.502	774.250
351.018	194.384	3	1	1	141.925	112.502	774.250
351.349	193.441	3	1	1	141.641	112.502	774.250
351.681	192.498	3	1	1	134.099	112.502	774.250
352.013	191.554	3	1	1	135.593	112.502	774.250
352.345	190.611	3	1	1	143.343	112.502	774.250
352.677	189.668	3	1	1	141.728	112.502	774.250
353.010	188.725	3	1	1	148.107	112.502	774.250
353.369	187.791	3	1	1	139.783	112.502	774.250
353.728	186.858	3	1	1	134.816	112.502	774.250
354.087	185.925	3	1	1	144.785	112.502	774.250
354.446	184.991	3	1	1	141.689	112.502	774.250
354.805	184.058	3	1	1	139.656	112.502	774.250
355.164	183.125	3	1	1	142.318	112.502	774.250
355.523	182.191	3	1	1	139.695	112.502	774.250
355.882	181.258	3	1	1	140.684	112.502	774.250
356.241	180.325	3	1	1	140.902	112.502	774.250
356.599	179.391	3	1	1	140.097	112.502	774.250
356.832	178.419	3	1	1	136.733	112.502	774.250
356.972	177.429	3	1	1	140.818	112.502	774.250
357.112	176.438	3	1	1	138.719	112.502	774.250
357.251	175.448	3	1	1	138.120	112.502	774.250
357.391	174.458	3	1	1	141.110	112.502	774.250
357.531	173.468	3	1	1	136.901	112.502	774.250
357.671	172.478	3	1	1	133.931	112.502	774.250
357.811	171.487	3	1	1	134.965	112.502	774.250
357.950	170.497	3	1	1	137.935	112.502	774.250
358.090	169.507	3	1	1	139.717	112.502	774.250
358.230	168.517	3	1	1	138.181	112.502	774.250
358.034	167.536	3	1	1	133.355	112.502	774.250
357.784	166.568	3	1	1	140.174	112.502	774.250
357.534	165.600	3	1	1	139.894	112.502	774.250
357.284	164.632	3	1	1	138.476	112.502	774.250
357.034	163.663	3	1	1	143.874	112.502	774.250
356.784	162.695	3	1	1	143.739	112.502	774.250
356.534	161.727	3	1	1	143.088	112.502	774.250
356.284	160.758	3	1	1	146.135	112.502	774.250
356.035	159.790	3	1	1	143.792	112.502	774.250
355.785	158.822	3	1	1	141.327	112.502	774.250
355.535	157.854	3	1	1	136.046	112.502	774.250
355.285	156.885	3	1	1	135.583	112.502	774.250
355.037	155.917	3	1	1	135.887	112.502	774.250
354.789	154.948	3	1	1	140.300	112.502	774.250
354.541	153.979	3	1	1	143.287	112.502	774.250
354.293	153.010	3	1	1	136.688	112.502	774.250
354.045	152.041	3	1	1	133.540	112.502	774.250
353.798	151.073	3	1	1	142.784	112.502	774.250
353.550	150.104	3	1	1	141.341	112.502	774.250
353.302	149.135	3	1	1	141.447	112.502	774.250
353.054	148.166	3	1	1	150.163	112.502	774.250
352.806	147.197	3	1	1	137.589	112.502	774.250
352.558	146.229	3	1	1	137.089	112.502	774.250
352.109	145.335	3	1	1	140.260	112.502	774.250
351.602	144.473	3	1	1	136.481	112.502	774.250
351.095	143.611	3	1	1	135.194	112.502	774.250
350.588	142.749	3	1	1	132.818	112.502	774.250
350.081	141.888	3	1	1	138.728	112.502	774.250
349.574	141.026	3	1	1	136.164	112.502	774.250
349.067	140.164	3	1	1	143.017	112.502	774.250
348.560	139.302	3	1	1	142.287	112.502	774.250
348.053	138.440	3	1	1	143.137	112.502	774.250
347.546	137.578	3	1	1	143.363	112.502	774.250
347.039	136.716	3	1	1	146.159	112.502	774.250
346.532	135.854	3	1	1	146.336	112.502	774.250
346.025	134.992	3	1	1	141.389	112.502	774.250
345.405	134.207	3	1	1	142.045	112.502	774.250
344.722	133.476	3	1	1	143.449	112.502	774.250
344.040	132.745	3	1	1	140.860	112.502	774.250
343.358	132.014	3	1	1	138.781	112.502	774.250
342.675	131.283	3	1	1	140.934	112.502	774.250
341.993	130.552	3	1	1	135.669	112.502	774.250
341.311	129.821	3	1	1	135.492	112.502	774.250
340.629	129.090	3	1	1	135.660	112.502	774.250
339.946	128.359	3	1	1	140.059	112.502	774.250
339.264	127.628	3	1	1	143.662	112.502	774.250
338.526	126.954	3	1	1	142.484	112.502	774.250
337.703	126.384	3	1	1	139.111	112.502	774.250
336.881	125.815	3	1	1	146.319	112.502	774.250
336.059	125.246	3	1	1	148.256	112.502	774.250
335.237	124.677	3	1	1	143.025	112.502	774.250
334.415	124.108	3	1	1	148.837	112.502	774.250
333.592	123.538	3	1	1	140.754	112.502	774.250
332.770	122.969	3	1	1	148.772	112.502	774.250
331.948	122.400	3	1	1	153.403	112.502	774.250
331.126	121.831	3	1	1	145.995	112.502	774.250
330.304	121.261	3	1	1	141.333	112.502	774.250
329.481	120.692	3	1	1	145.268	112.502	774.250
328.659	120.123	3	1	1	154.480	112.502	774.250
327.831	119.563	3	1	1	150.737	112.502	774.250
326.977	119.043	3	1	1	144.297	112.502	774.250
326.123	118.523	3	1	1	147.471	112.502	774.250
325.269	118.002	3	1	1	149.179	112.502	774.250
324.415	117.482	3	1	1	141.506	112.502	774.250
323.561	116.962	3	1	1	143.995	112.502	774.250
322.707	116.441	3	1	1	147.726	112.502	774.250
321.853	115.921	3	1	1	151.738	112.502	774.250
320.999	115.400	3	1	1	147.112	112.502	774.250
320.145	114.880	3	1	1	139.516	112.502	774.250
319.291	114.360	3	1	1	142.353	112.502	774.250
318.437	113.839	3	1	1	139.052	112.502	774.250
317.583	113.319	3	1	1	150.975	112.502	774.250
316.693	112.864	3	1	1	138.504	112.502	774.250
315.788	112.437	3	1	1	147.454	112.502	774.250
314.884	112.011	3	1	1	154.303	112.502	774.250
313.980	111.584	3	1	1	149.700	112.502	774.250
313.075	111.157	3	1	1	141.192	112.502	774.250
312.171	110.730	3	1	1	144.476	112.502	774.250
311.267	110.303	3	1	1	147.905	112.502	774.250
310.362	109.877	3	1	1	148.160	112.502	774.250
309.458	109.450	3	1	1	147.867	112.502	774.250
308.553	109.023	3	1	1	152.163	112.502	774.250
307.649	108.596	3	1	1	154.895	112.502	774.250
306.745	108.169	3	1	1	155.528	112.502	774.250
305.840	107.742	3	1	1	149.908	112.502	774.250
304.936	107.316	3	1	1	152.304	112.502	774.250
304.032	106.889	3	1	1	144.665	112.502	774.250
303.127	106.462	3	1	1	141.536	112.502	774.250
302.223	106.035	3	1	1	144.918	112.502	774.250
301.319	105.608	3	1	1	143.314	112.502	774.250
300.414	105.182	3	1	1	144.113	112.502	774.250
299.510	104.755	3	1	1	143.635	112.502	774.250
298.632	104.276	3	1	1	145.428	112.502	774.250
297.754	103.798	3	1	1	146.663	112.502	774.250
296.876	103.319	3	1	1	145.195	112.502	774.250
295.998	102.840	3	1	1	148.749	112.502	774.250
295.120	102.361	3	1	1	148.778	112.502	774.250
294.242	101.882	3	1	1	147.937	112.502	774.250
293.365	101.403	3	1	1	149.335	112.502	774.250
292.487	100.925	3	1	1	153.443	112.502	774.250
291.609	100.446	3	1	1	140.417	112.502	774.250
290.731	99.967	3	1	1	140.067	112.502	774.250
289.853	99.488	3	1	1	139.704	112.502	774.250
288.975	99.009	3	1	1	148.175	112.502	774.250
288.097	98.530	3	1	1	143.141	112.502	774.250
287.219	98.051	3	1	1	148.097	112.502	774.250
286.341	97.573	3	1	1	141.106	112.502	774.250
285.463	97.094	3	1	1	138.396	112.502	774.250
284.586	96.615	3	1	1	143.973	112.502	774.250
283.708	96.136	3	1	1	147.703	112.502	774.250
282.816	95.683	3	1	1	148.305	112.502	774.250
281.876	95.342	3	1	1	141.700	112.502	774.250
280.936	95.001	3	1	1	147.209	112.502	774.250
279.996	94.659	3	1	1	142.457	112.502	774.250
279.056	94.318	3	1	1	144.973	112.502	774.250
278.116	93.977	3	1	1	145.731	112.502	774.250
277.176	93.635	3	1	1	142.780	112.502	774.250
276.236	93.294	3	1	1	144.194	112.502	774.250
275.296	92.953	3	1	1	142.273	112.502	774.250
274.356	92.612	3	1	1	140.508	112.502	774.250
273.417	92.270	3	1	1	147.024	112.502	774.250
272.477	91.929	3	1	1	144.930	112.502	774.250
271.537	91.588	3	1	1	144.464	112.502	774.250
270.597	91.246	3	1	1	135.567	112.502	774.250
269.657	90.905	3	1	1	148.715	112.502	774.250
268.705	90.600	3	1	1	139.414	112.502	774.250
267.729	90.378	3	1	1	140.256	112.502	774.250
266.754	90.156	3	1	1	135.644	112.502	774.250
265.779	89.935	3	1	1	152.179	112.502	774.250
264.804	89.713	3	1	1	142.289	112.502	774.250
263.829	89.491	3	1	1	142.002	112.502	774.250
262.854	89.270	3	1	1	136.897	112.502	774.250
261.879	89.048	3	1	1	137.017	112.502	774.250
260.903	88.827	3	1	1	137.019	112.502	774.250
259.928	88.605	3	1	1	134.314	112.502	774.250
258.953	88.383	3	1	1	142.292	112.502	774.250
257.978	88.161	3	1	1	146.967	112.502	774.250
257.014	87.898	3	1	1	141.768	112.502	774.250
256.049	87.634	3	1	1	139.569	112.502	774.250
255.084	87.371	3	1	1	138.387	112.502	774.250
254.119	87.108	3	1	1	146.740	112.502	774.250
253.154	86.845	3	1	1	143.878	112.502	774.250
252.190	86.582	3	1	1	145.486	112.502	774.250
251.225	86.319	3	1	1	141.152	112.502	774.250
250.281	85.988	3	1	1	140.306	112.502	774.250
249.374	85.567	3	1	1	136.610	112.502	774.250
248.467	85.146	3	1	1	139.486	112.502	774.250
247.560	84.724	3	1	1	139.844	112.502	774.250
246.653	84.303	3	1	1	139.345	112.502	774.250
245.746	83.882	3	1	1	144.420	112.502	774.250
244.839	83.461	3	1	1	138.545	112.502	774.250
243.932	83.040	3	1	1	134.469	112.502	774.250
243.025	82.619	3	1	1	138.273	112.502	774.250
242.118	82.198	3	1	1	137.368	112.502	774.250
241.209	81.782	3	1	1	134.404	112.502	774.250
240.284	81.401	3	1	1	139.410	112.502	774.250
239.360	81.020	3	1	1	141.727	112.502	774.250
238.435	80.639	3	1	1	133.877	112.502	774.250
237.510	80.258	3	1	1	133.010	112.502	774.250
236.586	79.877	3	1	1	136.817	112.502	774.250
235.661	79.496	3	1	1	130.389	112.502	774.250
234.737	79.115	3	1	1	136.560	112.502	774.250
233.812	78.734	3	1	1	139.134	112.502	774.250
232.888	78.353	3	1	1	139.609	112.502	774.250
231.963	77.972	3	1	1	148.300	112.502	774.250
231.038	77.591	3	1	1	135.000	112.502	774.250
230.114	77.210	3	1	1	134.062	112.502	774.250
229.189	76.829	3	1	1	135.006	112.502	774.250
228.265	76.448	3	1	1	135.511	112.502	774.250
227.340	76.067	3	1	1	130.026	112.502	774.250
226.415	75.686	3	1	1	137.806	112.502	774.250
225.491	75.305	3	1	1	135.134	112.502	774.250
224.578	74.898	3	1	1	132.264	112.502	774.250
223.716	74.390	3	1	1	135.767	112.502	774.250
222.855	73.882	3	1	1	133.711	112.502	774.250
221.994	73.373	3	1	1	128.884	112.502	774.250
221.133	72.865	3	1	1	129.188	112.502	774.250
220.271	72.357	3	1	1	135.123	112.502	774.250
219.410	71.849	3	1	1	133.057	112.502	774.250
218.549	71.340	3	1	1	132.158	112.502	774.250
217.688	70.832	3	1	1	132.627	112.502	774.250
216.827	70.324	3	1	1	129.096	112.502	774.250
215.965	69.816	3	1	1	127.178	112.502	774.250
215.104	69.307	3	1	1	131.420	112.502	774.250
214.243	68.799	3	1	1	133.737	112.502	774.250
213.382	68.291	3	1	1	126.512	112.502	774.250
212.521	67.783	3	1	1	126.807	112.502	774.250
211.659	67.274	3	1	1	129.829	112.502	774.250
210.798	66.766	3	1	1	130.849	112.502	774.250
209.937	66.258	3	1	1	135.345	112.502	774.250
209.039	65.819	3	1	1	130.851	112.502	774.250
208.108	65.453	3	1	1	138.217	112.502	774.250
207.177	65.087	3	1	1	138.875	112.502	774.250
206.246	64.722	3	1	1	139.325	112.502	774.250
205.316	64.356	3	1	1	133.533	112.502	774.250
204.385	63.990	3	1	1	133.656	112.502	774.250
203.454	63.625	3	1	1	128.251	112.502	774.250
202.523	63.259	3	1	1	129.988	112.502	774.250
201.593	62.894	3	1	1	131.771	112.502	774.250
200.662	62.528	3	1	1	127.503	112.502	774.250
199.731	62.162	3	1	1	126.618	112.502	774.250
198.800	61.797	3	1	1	133.059	112.502	774.250
197.870	61.431	3	1	1	130.831	112.502	774.250
196.939	61.065	3	1	1	124.432	112.502	774.250
196.008	60.700	3	1	1	126.952	112.502	774.250
195.054	60.400	3	1	1	125.334	112.502	774.250
194.078	60.181	3	1	1	125.802	112.502	774.250
193.103	59.962	3	1	1	125.746	112.502	774.250
192.127	59.743	3	1	1	129.831	112.502	774.250
191.151	59.524	3	1	1	134.081	112.502	774.250
190.175	59.305	3	1	1	128.877	112.502	774.250
189.200	59.086	3	1	1	124.531	112.502	774.250
188.224	58.867	3	1	1	122.972	112.502	774.250
187.248	58.648	3	1	1	124.839	112.502	774.250
186.273	58.429	3	1	1	124.426	112.502	774.250
185.297	58.209	3	1	1	119.961	112.502	774.250
184.321	57.990	3	1	1	126.256	112.502	774.250
183.345	57.771	3	1	1	130.237	112.502	774.250
182.408	57.424	3	1	1	130.547	112.502	774.250
181.475	57.063	3	1	1	120.855	112.502	774.250
180.543	56.701	3	1	1	127.551	112.502	774.250
179.610	56.340	3	1	1	130.372	112.502	774.250
178.678	55.979	3	1	1	127.306	112.502	774.250
177.745	55.618	3	1	1	122.075	112.502	774.250
176.813	55.256	3	1	1	124.263	112.502	774.250
175.880	54.895	3	1	1	127.428	112.502	774.250
174.948	54.534	3	1	1	124.517	112.502	774.250
174.016	54.173	3	1	1	123.832	112.502	774.250
173.030	54.005	3	1	1	126.560	112.502	774.250
172.043	53.841	3	1	1	125.707	112.502	774.250
171.057	53.676	3	1	1	125.157	112.502	774.250
170.071	53.512	3	1	1	117.261	112.502	774.250
169.084	53.347	3	1	1	122.671	112.502	774.250
168.098	53.183	3	1	1	128.963	112.502	774.250
167.111	53.019	3	1	1	129.988	112.502	774.250
166.125	52.854	3	1	1	125.845	112.502	774.250
165.139	52.690	3	1	1	124.966	112.502	774.250
164.181	52.977	3	1	1	123.011	112.502	774.250
163.246	53.331	3	1	1	123.710	112.502	774.250
162.310	53.685	3	1	1	124.266	112.502	774.250
161.375	54.040	3	1	1	122.989	112.502	774.250
160.440	54.394	3	1	1	127.057	112.502	774.250
159.505	54.748	3	1	1	122.667	112.502	774.250
158.570	55.102	3	1	1	119.341	112.502	774.250
157.635	55.457	3	1	1	120.482	112.502	774.250
156.699	55.811	3	1	1	118.751	112.502	774.250
155.764	56.165	3	1	1	119.581	112.502	774.250
154.829	56.519	3	1	1	119.331	112.502	774.250
153.899	56.886	3	1	1	127.780	112.502	774.250
153.014	57.351	3	1	1	131.217	112.502	774.250
152.128	57.816	3	1	1	126.048	112.502	774.250
151.243	58.281	3	1	1	129.099	112.502	774.250
150.357	58.746	3	1	1	124.541	112.502	774.250
149.472	59.211	3	1	1	123.533	112.502	774.250
148.587	59.675	3	1	1	125.137	112.502	774.250
147.701	60.140	3	1	1	120.027	112.502	774.250
146.773	60.513	3	1	1	122.964	112.502	774.250
145.821	60.817	3	1	1	125.367	112.502	774.250
144.868	61.122	3	1	1	125.382	112.502	774.250
143.916	61.427	3	1	1	124.996	112.502	774.250
142.963	61.732	3	1	1	120.272	112.502	774.250
142.011	62.037	3	1	1	122.950	112.502	774.250
141.059	62.341	3	1	1	125.194	112.502	774.250
140.106	62.646	3	1	1	127.128	112.502	774.250
139.154	62.951	3	1	1	119.577	112.502	774.250
138.283	63.443	3	1	1	120.428	112.502	774.250
137.433	63.969	3	1	1	125.064	112.502	774.250
136.582	64.495	3	1	1	126.467	112.502	774.250
135.731	65.021	3	1	1	120.607	112.502	774.250
134.881	65.546	3	1	1	126.251	112.502	774.250
134.030	66.072	3	1	1	127.834	112.502	774.250
133.180	66.598	3	1	1	129.335	112.502	774.250
132.329	67.124	3	1	1	124.838	112.502	774.250
131.478	67.650	3	1	1	122.862	112.502	774.250
130.628	68.176	3	1	1	130.875	112.502	774.250
129.783	68.710	3	1	1	129.077	112.502	774.250
129.025	69.362	3	1	1	126.571	112.502	774.250
128.267	70.015	3	1	1	125.514	112.502	774.250
127.509	70.667	3	1	1	127.780	112.502	774.250
126.751	71.319	3	1	1	125.789	112.502	774.250
125.993	71.971	3	1	1	123.749	112.502	774.250
125.235	72.624	3	1	1	124.143	112.502	774.250
124.477	73.276	3	1	1	126.163	112.502	774.250
123.719	73.928	3	1	1	127.514	112.502	774.250
122.961	74.580	3	1	1	131.739	112.502	774.250
122.153	75.169	3	1	1	130.734	112.502	774.250
121.316	75.717	3	1	1	121.983	112.502	774.250
120.479	76.264	3	1	1	122.716	112.502	774.250
119.642	76.811	3	1	1	126.752	112.502	774.250
118.805	77.358	3	1	1	121.483	112.502	774.250
117.968	77.906	3	1	1	117.985	112.502	774.250
117.131	78.453	3	1	1	129.799	112.502	774.250
116.294	79.000	3	1	1	121.918	112.502	774.250
115.457	79.547	3	1	1	124.593	112.502	774.250
114.620	80.095	3	1	1	120.747	112.502	774.250
113.839	80.720	3	1	1	125.448	112.502	774.250
113.249	81.527	3	1	1	119.485	112.502	774.250
112.659	82.335	3	1	1	122.985	112.502	774.250
112.069	83.142	3	1	1	122.137	112.502	774.250
111.479	83.949	3	1	1	123.032	112.502	774.250
110.889	84.757	3	1	1	121.255	112.502	774.250
110.299	85.564	3	1	1	126.890	112.502	774.250
109.709	86.372	3	1	1	127.060	112.502	774.250
109.119	87.179	3	1	1	127.971	112.502	774.250
108.529	87.986	3	1	1	119.412	112.502	774.250
107.939	88.794	3	1	1	123.623	112.502	774.250
107.275	89.541	3	1	1	132.559	112.502	774.250
106.552	90.232	3	1	1	125.419	112.502	774.250
105.830	90.924	3	1	1	128.181	112.502	774.250
105.107	91.615	3	1	1	126.638	112.502	774.250
104.384	92.306	3	1	1	129.093	112.502	774.250
103.662	92.997	3	1	1	127.557	112.502	774.250
102.939	93.689	3	1	1	125.799	112.502	774.250
102.217	94.380	3	1	1	127.522	112.502	774.250
101.494	95.071	3	1	1	122.235	112.502	774.250
100.771	95.762	3	1	1	123.443	112.502	774.250
100.049	96.454	3	1	1	126.495	112.502	774.250
99.237	97.038	3	1	1	125.267	112.502	774.250
98.420	97.615	3	1	1	124.373	112.502	774.250
97.603	98.192	3	1	1	124.334	112.502	774.250
96.787	98.768	3	1	1	120.220	112.502	774.250
95.970	99.345	3	1	1	126.862	112.502	774.250
95.153	99.922	3	1	1	131.420	112.502	774.250
94.336	100.498	3	1	1	124.260	112.502	774.250
